ID,SalePrice
1461,120804.10723760501
1462,160892.45873748627
1463,184963.36726265735
1464,199111.31140752017
1465,207502.87726688237
1466,174620.78597368332
1467,178559.78515972442
1468,163266.81949731638
1469,209041.48787911606
1470,115279.2824197562
1471,195775.30645457772
1472,98316.36261507649
1473,96471.97493053346
1474,145853.5099131835
1475,112309.53802876292
1476,356306.6387707595
1477,262475.9244369876
1478,287768.09603095456
1479,287792.94231426815
1480,461631.4643763302
1481,343878.69940590643
1482,227036.94190667462
1483,180186.77339809976
1484,160703.8564432711
1485,188083.82990053142
1486,197448.11360027618
1487,339899.7306972178
1488,238146.68261206162
1489,198981.2913234422
1490,225608.65015178744
1491,196099.8166362614
1492,90575.17970299412
1493,200025.10460708433
1494,299071.92279773724
1495,294572.09750711604
1496,224404.1256013365
1497,179796.97168461833
1498,159290.34907546962
1499,158529.84629880163
1500,150995.47826005355
1501,166231.37776050076
1502,144796.52706845372
1503,253608.62065553726
1504,245779.80342347908
1505,224749.25900167564
1506,194885.52582325647
1507,239750.39953795556
1508,200441.96155819806
1509,161179.66839062597
1510,143574.5042303436
1511,144777.4545354952
1512,173588.55529557992
1513,138059.44112712386
1514,180558.92616536695
1515,196182.17731915717
1516,155355.83671831357
1517,178226.6630247563
1518,134719.90984185183
1519,210147.67028688846
1520,126873.77662741515
1521,131249.49565252915
1522,178856.94571854608
1523,109437.54477180513
1524,124451.82738861676
1525,117825.63987799376
1526,116775.44054746999
1527,101636.47443129953
1528,139358.54189802796
1529,145288.00708474405
1530,194808.7729377802
1531,110370.27304077575
1532,97312.11693006443
1533,149434.17374793038
1534,129176.23176829811
1535,154909.37332867604
1536,112334.81719890259
1537,77638.93227117
1538,159916.45123981521
1539,201408.80683926347
1540,99627.50382196398
1541,150538.40060119354
1542,146611.01759966442
1543,184697.39940463647
1544,83718.3478666327
1545,120967.13397985652
1546,139854.2362142111
1547,132476.1019226408
1548,139131.2052738397
1549,119205.0033253242
1550,136984.59883284892
1551,114509.44317991355
1552,131591.334192793
1553,147644.025494734
1554,115201.5707304119
1555,157964.59126139947
1556,84598.43603272653
1557,106313.33585504373
1558,103852.89348040547
1559,106083.66651724585
1560,136746.42932946503
1561,122788.71821700897
1562,130772.27554374834
1563,117317.37105449224
1564,161105.8297189983
1565,151084.98394119367
1566,255645.80675496167
1567,72408.72198195393
1568,224537.0581011783
1569,128532.75786784997
1570,140038.80055070523
1571,123784.24774277107
1572,145681.1301946038
1573,246144.07857943687
1574,118262.06712013352
1575,233021.4982337806
1576,240375.75915236658
1577,180741.20377309437
1578,141525.94560014945
1579,144173.18218990546
1580,198277.94404949623
1581,156627.37435474552
1582,121891.64125296219
1583,289802.2701119901
1584,218593.78974845854
1585,137347.61180661482
1586,61631.32725509188
1587,113678.08862468724
1588,151721.42041902023
1589,100821.36900468773
1590,140052.63679056207
1591,94371.22508843715
1592,123251.68141317452
1593,124090.23304113858
1594,140577.9169401886
1595,130937.35371031685
1596,237806.5841523623
1597,200912.1768172498
1598,232941.3874519519
1599,183679.07379847585
1600,172855.74277999636
1601,58332.31407561927
1602,114283.0295152665
1603,73301.1521775408
1604,278586.66956861684
1605,244683.2100530386
1606,168919.60055995788
1607,182260.6695469524
1608,216669.4289265009
1609,185228.92019882798
1610,147656.212986311
1611,142281.13116702912
1612,167232.41866213395
1613,164816.02368842188
1614,129422.71068586319
1615,94488.50193097463
1616,79052.55684323907
1617,93861.07889851798
1618,120953.7465329843
1619,130805.82249196792
1620,192613.0777095532
1621,140809.9628286692
1622,138791.27495847305
1623,271078.0652050608
1624,216435.17460756554
1625,120440.403145816
1626,176435.51962298632
1627,190294.68699418177
1628,288547.7284769608
1629,183268.8403197267
1630,335365.74627616885
1631,235316.46695806956
1632,253587.94197048395
1633,173903.3883221913
1634,189059.53435273762
1635,176616.76269947336
1636,152098.9288271467
1637,199119.1802326744
1638,191493.08571720324
1639,189958.61339490034
1640,245641.39447002398
1641,181951.63643728654
1642,234820.6634079281
1643,225806.21178142674
1644,239358.53009150006
1645,185859.42641406137
1646,159976.94276884856
1647,164074.85337655933
1648,130006.79440424495
1649,138913.29698794585
1650,111902.97284115854
1651,123790.93279876286
1652,100996.06618906488
1653,103369.37435433995
1654,141623.71192994222
1655,135712.13478038053
1656,138574.70118304918
1657,142457.20769056948
1658,142758.274307583
1659,117446.37679283244
1660,156628.2715159585
1661,402628.958012603
1662,390385.4086840291
1663,359070.16222534573
1664,487027.8339117697
1665,296897.1760804761
1666,342345.6373071245
1667,349205.8142641063
1668,328801.7600438044
1669,300202.6885900939
1670,331873.6559339351
1671,263974.0862789667
1672,387923.74775291164
1673,296720.3334177353
1674,253798.01308117257
1675,203714.80003494254
1676,203836.056655083
1677,229333.97839102702
1678,457193.6537177145
1679,376029.47183103714
1680,328533.0707334487
1681,245146.77094903652
1682,319705.0771618259
1683,192773.29364185638
1684,176607.31417646864
1685,174114.0436319195
1686,168752.33000086728
1687,171325.69723853393
1688,191986.21619039174
1689,195990.84892134357
1690,196414.77651834532
1691,186847.61890768766
1692,259434.23759121765
1693,166955.58177354594
1694,181693.93299432675
1695,162598.35407194804
1696,272515.1191879748
1697,170398.89744512932
1698,341731.1501362776
1699,304502.47897182085
1700,252717.99610568973
1701,281717.02977856476
1702,241503.93691608487
1703,238196.50694894578
1704,272192.54897713376
1705,236692.30115126973
1706,383138.1571301376
1707,212109.00684524162
1708,201505.9726303202
1709,270589.35838978295
1710,224197.89895005044
1711,273683.15249544807
1712,258526.91751973634
1713,257671.26240244758
1714,224596.99706688154
1715,211464.23658677272
1716,184205.74422541037
1717,177597.60936606902
1718,140914.90926460526
1719,214574.4576871954
1720,247197.2774536417
1721,162647.625435901
1722,126955.2854040228
1723,149171.78266792063
1724,205699.4791850745
1725,234665.6462482345
1726,190772.83731118095
1727,159144.34594116843
1728,173681.51753546935
1729,163543.98365714602
1730,162921.5198938798
1731,123601.23649445706
1732,121140.85743689159
1733,111682.0773626698
1734,129287.42833840621
1735,120108.12145527692
1736,109136.1433670174
1737,291496.113254225
1738,249726.72368370063
1739,233242.9180252211
1740,217274.17862015433
1741,187794.15595404172
1742,166319.74752943782
1743,178000.9092881037
1744,306770.88736792747
1745,221341.0106499309
1746,201869.4359080435
1747,213349.59941029616
1748,214824.5779440838
1749,143783.11696041177
1750,131486.48438665931
1751,254122.43306919638
1752,114825.16048107305
1753,153487.66405345334
1754,200803.31189686913
1755,168603.65578938302
1756,119297.26173121101
1757,116570.722308092
1758,138354.17146795808
1759,167965.86577662226
1760,170224.71051547857
1761,156758.0552681352
1762,176533.13498973448
1763,192126.81385396403
1764,114284.1649174127
1765,116044.91326757835
1766,186638.04382300784
1767,220275.96014057583
1768,137277.6322017878
1769,180755.5100462769
1770,147170.32297534708
1771,125172.95498192655
1772,135345.10113126176
1773,117081.95341462259
1774,144891.45519035132
1775,139142.87480674422
1776,121199.37096002793
1777,105238.49351808187
1778,135866.28342582987
1779,112642.70997202219
1780,181186.03674978804
1781,129247.53007070578
1782,83616.08227833314
1783,140947.1675727304
1784,98733.78069948532
1785,115537.31087943542
1786,127600.45747857643
1787,163418.3901333533
1788,56134.15608030381
1789,93784.09010780985
1790,77097.30470806625
1791,187780.61178862175
1792,167544.7173768141
1793,134973.81308576168
1794,157300.73884282718
1795,138455.00407288875
1796,125284.94632264429
1797,119072.08048188951
1798,122823.83077986639
1799,105128.9963281319
1800,123512.36283023415
1801,126609.56961833307
1802,138134.17803888037
1803,150021.30244359392
1804,140329.42946365592
1805,138806.107338957
1806,126519.89341425273
1807,135867.6622296062
1808,119658.0553450776
1809,117813.3050540252
1810,137916.677637346
1811,85387.95699764632
1812,102311.82007949085
1813,126808.91561359822
1814,100716.8654694312
1815,49856.07129942366
1816,95421.64055199189
1817,105082.863230527
1818,146575.09561177486
1819,122616.26154747665
1820,64003.784162066746
1821,109751.78513486085
1822,148466.74560759682
1823,48513.056351440246
1824,128067.36913553425
1825,127840.26582050648
1826,104204.60505113447
1827,108926.22732934669
1828,140732.1533615504
1829,129535.32760789871
1830,147587.03351436957
1831,151060.8183379545
1832,95168.67556375114
1833,134617.1817113256
1834,122020.06395852334
1835,128278.71223623957
1836,121055.42912395773
1837,82754.89503538127
1838,125102.612245526
1839,95924.46583075101
1840,150486.550251582
1841,140600.39561207837
1842,87565.04546437881
1843,138861.37610521968
1844,138219.68643288824
1845,141299.3980948888
1846,156430.45802036586
1847,164610.5403874115
1848,57446.58158188693
1849,109091.62016068002
1850,118876.83908185315
1851,156162.92952741275
1852,124677.64199080401
1853,125474.50943136062
1854,171788.300341808
1855,154373.22462607335
1856,223847.47917405682
1857,146810.11948424904
1858,140485.7369640129
1859,117218.30852927816
1860,140833.3272463107
1861,116372.94715086787
1862,303874.3456473273
1863,282326.6689183742
1864,282440.26725958305
1865,344767.416243991
1866,315997.63697691745
1867,225745.78888673743
1868,280528.143761326
1869,200711.6105705115
1870,221031.23837617243
1871,260943.85001390468
1872,174827.0118757826
1873,240932.59114204237
1874,152637.9131263196
1875,206060.94705008747
1876,199866.5980566725
1877,208949.71089596464
1878,200225.29373954033
1879,126696.39606818176
1880,128623.52003521503
1881,245137.1691163342
1882,247748.42311698233
1883,188439.47516524896
1884,205606.63823531667
1885,246258.1649532752
1886,287683.82158642495
1887,212440.68957126848
1888,261520.4317334391
1889,170034.19866788888
1890,125012.28837433479
1891,141983.78796765365
1892,97052.75211916084
1893,131463.1597548534
1894,130714.0551008084
1895,140322.59172553002
1896,124992.88737015726
1897,116798.55839107741
1898,120329.56133335341
1899,153691.80292243286
1900,150343.58482396504
1901,171428.7977021338
1902,151574.40529143615
1903,216041.38459936157
1904,141741.7366120555
1905,213209.37398477437
1906,115416.86746795397
1907,224218.0316004372
1908,108743.9850543769
1909,131436.5029206718
1910,120026.75480042398
1911,233882.07193883212
1912,345291.876299078
1913,127337.41741977406
1914,65720.23055545556
1915,303369.7451211014
1916,50183.59945815952
1917,247989.66540800378
1918,141799.48515221724
1919,182571.42078852459
1920,166345.1230154628
1921,348002.1372033063
1922,301832.5496540988
1923,224190.52055629506
1924,240597.43957792813
1925,199931.8340185033
1926,350615.3169358392
1927,132977.41977491553
1928,160726.85371587137
1929,117529.41526039108
1930,126809.7588106199
1931,140148.84172640165
1932,139713.92431855603
1933,187442.03913879622
1934,184592.47404271938
1935,170853.3989339509
1936,198902.99800661262
1937,192233.05309416295
1938,173335.61354604072
1939,257901.47138741083
1940,201097.14662660396
1941,167195.82900050844
1942,187161.95410675716
1943,233256.69669623591
1944,358979.80845711794
1945,373917.3807672151
1946,172760.60367291974
1947,313197.1233824646
1948,175059.6023178847
1949,235743.23423235654
1950,187908.03442740426
1951,244075.07713735203
1952,211941.27455299822
1953,162107.3781837321
1954,192584.82052058648
1955,137347.38822444458
1956,302184.5020389588
1957,157214.40847347147
1958,280448.5706871793
1959,146781.61126987915
1960,113192.65044716366
1961,114659.35274215887
1962,100968.45016337921
1963,109826.04315506908
1964,106523.39305944696
1965,141555.48925942124
1966,139495.26216679395
1967,302239.866243651
1968,402570.2084945503
1969,368458.96361886605
1970,412278.7537183984
1971,460956.9352974595
1972,363835.1513736512
1973,278566.17337753845
1974,321984.9003549591
1975,568985.2166157243
1976,273686.7804258547
1977,347665.93507761095
1978,357109.24656390137
1979,333620.15237760684
1980,216892.39770314348
1981,337700.0470366569
1982,228329.23369721833
1983,216652.67762703254
1984,175726.72511586352
1985,225098.85616736984
1986,210024.7572127274
1987,188791.40886227175
1988,172124.31368159605
1989,193992.9544187984
1990,207326.2832126272
1991,245345.50343221443
1992,216591.2245625538
1993,168727.1872780296
1994,234880.75472296128
1995,185912.4312213427
1996,252874.81250825987
1997,310175.73178300087
1998,307946.0719904119
1999,268534.1470018374
2000,309748.40100582613
2001,273013.446168174
2002,233472.91576415583
2003,256241.26417609386
2004,290037.9343707858
2005,223009.53967565205
2006,228158.60866553668
2007,249731.25415160268
2008,212448.18434402483
2009,196492.569752007
2010,197121.03573415545
2011,144050.34846146763
2012,171092.7033603901
2013,176398.13586138614
2014,184069.8012535544
2015,211527.55731353018
2016,189943.29616603916
2017,195484.11699050022
2018,116709.65510404493
2019,127107.65190522117
2020,105075.94702290493
2021,101247.44691200269
2022,186887.2600284151
2023,140326.14899940882
2024,267854.4012935148
2025,365392.5887383729
2026,172684.1027476531
2027,152337.5452884137
2028,152725.33895405795
2029,163082.3284208893
2030,258775.23477798267
2031,234944.88888089044
2032,247902.81159044584
2033,246729.00751923202
2034,166616.94019599073
2035,226529.5588111651
2036,196681.05357979485
2037,198585.06207586871
2038,316022.5089183862
2039,246293.61223606
2040,264777.101423558
2041,290892.3905181933
2042,210425.4271794078
2043,177164.2243204047
2044,175729.2222321447
2045,208502.11615943778
2046,142651.97789656316
2047,143424.9399104277
2048,140231.8233747128
2049,149607.73296840832
2050,176922.1168504344
2051,97986.4364243509
2052,124457.7393092938
2053,146091.84229009133
2054,87913.65395706131
2055,150326.6747351574
2056,141010.91115984332
2057,114087.47993079649
2058,215992.04154463598
2059,127830.26019660222
2060,170473.5241506001
2061,175255.58984521154
2062,126857.50725591644
2063,113250.00972149688
2064,135894.196281362
2065,115602.07415567167
2066,166340.31388569623
2067,114671.6382615503
2068,152365.90744178958
2069,79770.64682048226
2070,108535.30479247152
2071,86741.41132228373
2072,138284.86291875737
2073,131992.92948291116
2074,182091.0234261472
2075,160284.23527474646
2076,117230.08088898264
2077,153072.14585490752
2078,121952.00177538255
2079,136531.34022514525
2080,115410.5792081597
2081,126075.92829946356
2082,123497.42219062553
2083,148525.45964496044
2084,103781.69296079384
2085,112025.93414425831
2086,117533.6004588429
2087,128390.38892601356
2088,104332.2072114336
2089,75186.62997140043
2090,130275.10151878436
2091,110836.46892406681
2092,123737.8802282891
2093,115293.82924835855
2094,114697.26618870642
2095,148309.06816238555
2096,80550.89661441848
2097,102597.24055970865
2098,147999.24867309615
2099,51702.6423754413
2100,97714.07409710997
2101,112598.53245461533
2102,129265.8389259828
2103,98474.79913225383
2104,142365.2244530507
2105,129380.99786935067
2106,78136.41862376189
2107,198309.56248962236
2108,119096.62110456132
2109,111824.19682884325
2110,133246.8520638112
2111,147232.29403717574
2112,134666.8675024674
2113,119799.23645702445
2114,131210.1796687532
2115,167588.41948555634
2116,117255.7817490817
2117,157968.38178997993
2118,124932.77156843427
2119,117038.72428972406
2120,120480.51972383432
2121,104948.2744856818
2122,112996.1173520944
2123,81307.3139765984
2124,165116.6700631117
2125,127898.76739861982
2126,145238.05076548512
2127,166123.3907608414
2128,118733.74326043914
2129,78971.34908948542
2130,128910.23355854905
2131,134559.52442222464
2132,113619.93935700627
2133,114939.44286816708
2134,111493.55642395034
2135,78711.2257791892
2136,69067.38398025131
2137,108980.72338925376
2138,131189.1977071211
2139,153540.68262621653
2140,138392.47182256548
2141,152170.46103888928
2142,126153.5213689308
2143,141976.00234953748
2144,122225.80321102422
2145,132348.00601319876
2146,168679.35909804745
2147,141776.28384721486
2148,136590.14036425055
2149,143788.19850547932
2150,237074.77691872948
2151,117241.74008934513
2152,188761.10502509287
2153,161217.42070829603
2154,109111.04486609515
2155,142243.67464139516
2156,253915.1508435929
2157,227770.67327130167
2158,237924.7522624942
2159,209848.90595076978
2160,190248.3234033753
2161,238442.59310722686
2162,381589.0106607353
2163,327387.0791859967
2164,261027.52335436747
2165,202658.50364327664
2166,152773.42870480177
2167,220387.52726403414
2168,190939.9220028951
2169,196610.0034850468
2170,221762.92696687166
2171,150692.7424801513
2172,140086.94298844636
2173,165229.25298551455
2174,224602.62487393164
2175,288836.2180802092
2176,307413.9099969612
2177,238465.43447682046
2178,217708.9386631624
2179,137484.52070862392
2180,222992.10749637196
2181,196982.42288978357
2182,228311.61700092495
2183,192753.45912337134
2184,122570.65320283474
2185,122798.94782400613
2186,153403.1200569838
2187,157808.7442565343
2188,161858.7344804741
2189,278737.982400214
2190,75231.3656234762
2191,78680.29726048974
2192,88326.16638607276
2193,107263.89189842234
2194,105299.4844965503
2195,103417.73511677256
2196,100546.06391431598
2197,114764.96928112587
2198,153635.45437950894
2199,181874.92670147054
2200,147392.5457402695
2201,150928.61234663168
2202,216161.1074267318
2203,136631.0356456475
2204,178811.77764423977
2205,120175.37458576426
2206,140648.38104636682
2207,222522.70313915046
2208,276265.1944323253
2209,239314.24493567095
2210,115756.37563156005
2211,106414.20041517286
2212,113642.38974173562
2213,98972.9229455143
2214,126467.39787601902
2215,92208.6054853976
2216,141557.5905813816
2217,62114.7430459268
2218,82594.75616523392
2219,77699.26673263687
2220,77642.65958438987
2221,304463.72524321405
2222,275778.6202226708
2223,275899.7502232844
2224,209151.58260500222
2225,127188.9486630077
2226,177220.0455334377
2227,192869.3294601461
2228,267142.0763993809
2229,260640.92486506375
2230,146917.78405540524
2231,214473.6732673985
2232,175383.42947359843
2233,183777.77423354023
2234,236649.85415249458
2235,209574.7872031943
2236,256618.64030906983
2237,297887.65111938666
2238,198812.72419872097
2239,117860.81651288348
2240,157740.24418398837
2241,147838.67366763754
2242,127147.88237126418
2243,129022.5892830055
2244,105940.48306537533
2245,102385.29991858394
2246,145220.11813225845
2247,120467.5932662131
2248,118128.08501278452
2249,117358.03136112548
2250,126461.62519742863
2251,124645.63484451122
2252,184051.33445920484
2253,151274.0095170705
2254,178278.0364567923
2255,190199.88639802154
2256,176662.66386829194
2257,206750.12955875482
2258,159837.7118901737
2259,173575.18080581946
2260,144909.74341169646
2261,210754.55536441182
2262,227752.52136229485
2263,360660.93634599523
2264,500548.3684736127
2265,187071.08088383486
2266,309069.32082697446
2267,373790.3339894479
2268,433178.7563122849
2269,154088.03837628354
2270,195292.6498955565
2271,212625.75287745227
2272,192984.4376816044
2273,159567.5320692804
2274,175003.0698696587
2275,164073.91917013377
2276,190332.44516562083
2277,181195.07621559637
2278,148346.5158767497
2279,121436.30921716416
2280,121343.47858510612
2281,165738.28332808363
2282,194645.92724856487
2283,112614.35909492886
2284,112126.82219022974
2285,139753.15567189435
2286,123821.16339054947
2287,375737.50446201325
2288,287554.63114495616
2289,385585.5700493096
2290,455348.1834391353
2291,327803.5201287716
2292,439211.66024983476
2293,466974.3116482085
2294,386834.84914146876
2295,482758.72137447185
2296,303203.0945547693
2297,350994.65162729396
2298,340959.0913479896
2299,341538.0668586079
2300,333767.4026392595
2301,313856.4264642702
2302,254797.18981910092
2303,256299.8644252741
2304,270107.4717054218
2305,211547.68234329313
2306,200241.8984681789
2307,206867.79251322983
2308,236063.5089861703
2309,280042.3287118235
2310,227945.97022404775
2311,209108.82215098687
2312,177902.46540086917
2313,170840.2704397688
2314,180282.83919765908
2315,183919.26808814297
2316,200003.62965262734
2317,188789.93260369558
2318,183522.68254601682
2319,188022.42913500607
2320,188782.61580604376
2321,237726.64109169925
2322,180226.9877239867
2323,200231.99918417184
2324,172165.4714877206
2325,225058.78023992904
2326,173123.2814593593
2327,201539.43494636496
2328,220593.10818807373
2329,194026.82106541184
2330,181813.7804360198
2331,345366.3730564703
2332,395215.10671910463
2333,319300.82533668145
2334,255787.9254869015
2335,283622.7132474993
2336,306237.96969907556
2337,202857.1644983847
2338,264426.9205799186
2339,217155.1514930549
2340,379303.79726076935
2341,222322.22736985108
2342,232998.84526450312
2343,226877.39264527312
2344,206056.71982948764
2345,236974.6984000526
2346,221758.4581064407
2347,202703.9090216966
2348,252273.5598950233
2349,179435.36848986323
2350,308356.47746516805
2351,251846.0828315694
2352,253180.21167223464
2353,239870.4745253743
2354,146873.56327769533
2355,151318.85112594618
2356,146507.34446253759
2357,186908.19334459453
2358,198682.9538422858
2359,136196.07277803886
2360,113966.09338977262
2361,142579.66705929086
2362,274107.0483509204
2363,137363.42806465933
2364,153732.81023885513
2365,220627.7232056918
2366,197481.8870792385
2367,230045.3689530097
2368,212434.35083888794
2369,232080.9412687606
2370,162568.39665108116
2371,159881.39507602085
2372,188492.2115768337
2373,278217.7984936807
2374,316376.85391627287
2375,267486.6643854299
2376,273402.3557365696
2377,341015.1881802057
2378,138199.32570712257
2379,195085.43830019567
2380,144464.28294119766
2381,169291.53190854593
2382,200442.03142901522
2383,199992.15711187685
2384,238450.1792431475
2385,160356.87877525046
2386,131099.18892065968
2387,134200.24809529018
2388,100439.06927358537
2389,118370.7426389668
2390,139077.98828672757
2391,139892.92887605337
2392,112183.68816023263
2393,167295.50914650498
2394,147163.19999166127
2395,210435.25159146197
2396,144670.27344792083
2397,225578.41845972536
2398,131291.66504146988
2399,65259.69823790435
2400,63186.27001566941
2401,111014.51901208023
2402,137943.91822147122
2403,146414.94536440345
2404,150729.9132259174
2405,159789.33752490193
2406,135920.53061027938
2407,124275.98517266235
2408,145626.47122753097
2409,122728.94043994707
2410,173051.17626659796
2411,111712.51278496571
2412,152481.88670749008
2413,128996.55293417728
2414,154308.30472558746
2415,136537.89233329621
2416,125264.79828646287
2417,128320.92984317598
2418,124802.56430370857
2419,122820.11618492722
2420,120128.88173857928
2421,145107.79086865886
2422,107140.5990802065
2423,118549.53047502872
2424,163780.50919183012
2425,193483.08528985272
2426,129497.46859797236
2427,129415.11886024485
2428,179632.75508754718
2429,113610.00303052997
2430,132131.42352311
2431,108184.25180286852
2432,143995.12364830542
2433,142330.81606024003
2434,133382.7428203232
2435,152887.74944445558
2436,97230.48865485172
2437,102557.93768805591
2438,118358.33762904568
2439,105936.9189040615
2440,124957.68034773898
2441,98106.92128152987
2442,97466.16773421089
2443,118414.64936783511
2444,128830.05667368951
2445,92351.92928291298
2446,128205.88795485042
2447,189838.38526600422
2448,135279.36531096298
2449,112775.6773994602
2450,148906.4790163865
2451,118943.65484769152
2452,182593.51378416983
2453,91706.63443986868
2454,119600.39440717129
2455,119704.40779956822
2456,140893.5884341503
2457,132016.73235464992
2458,134199.67050488095
2459,109471.98415333632
2460,148970.8164953795
2461,125529.36172387448
2462,137942.38232381185
2463,126817.07571162372
2464,172335.0849741947
2465,137626.45148247268
2466,109921.77184803323
2467,135140.1037618915
2468,81229.07470696695
2469,79402.62523400597
2470,185391.2740644818
2471,208285.91959776467
2472,156671.24108416843
2473,109839.54245074681
2474,96742.11226165348
2475,212630.84299678673
2476,117351.09862519165
2477,125317.19923656361
2478,159138.72428781845
2479,100431.06300549993
2480,159993.0362422937
2481,117655.96682703753
2482,125116.90111388153
2483,110215.1782051625
2484,121642.49857012225
2485,119360.73608521304
2486,153026.17199851657
2487,158396.46115101283
2488,159528.5863399316
2489,150298.75516593273
2490,143242.57705695307
2491,88780.40320263641
2492,188685.84830688525
2493,151877.09861122796
2494,145828.49827381098
2495,87547.68954569226
2496,232010.44142282073
2497,157677.75925605276
2498,105382.4342633133
2499,80899.18404145152
2500,124882.55646867465
2501,140476.84574085855
2502,147624.78273195782
2503,97664.19673311966
2504,169260.60640668636
2505,220827.5700720638
2506,255739.85645724775
2507,292173.99627958407
2508,257451.497543534
2509,218885.2017399444
2510,221109.49192524306
2511,172289.32973179012
2512,213940.84225168344
2513,226189.59030273647
2514,272092.59953892743
2515,149665.37639745013
2516,176524.81721185867
2517,148753.63866250555
2518,157818.40271804086
2519,246051.43271828993
2520,223260.61091326384
2521,188338.34963761622
2522,222285.42068703737
2523,112792.42213196147
2524,134097.37206921884
2525,147594.2132695682
2526,137325.34830545052
2527,114598.11791433062
2528,124452.57577729977
2529,126495.2711646063
2530,113075.37283209381
2531,259291.5177879861
2532,225683.01026818503
2533,192111.15107275234
2534,244603.50611241133
2535,292573.08973193215
2536,235990.51638843789
2537,253616.357907787
2538,187266.2523232553
2539,188724.65091942012
2540,182287.54819622007
2541,182708.83527690568
2542,160415.20285734624
2543,130222.51264999717
2544,118998.75141151133
2545,139715.456209809
2546,132399.0835252629
2547,142885.5491569669
2548,161698.0181296738
2549,158325.48406398733
2550,737067.2681660674
2551,146004.21418943265
2552,128849.91343188589
2553,72476.40094139361
2554,99763.06913077163
2555,116521.56255897981
2556,95180.15348954279
2557,96626.05497393706
2558,150239.30666424663
2559,142901.69273057528
2560,151132.76339117502
2561,142033.11877977007
2562,134958.0964570123
2563,145628.31889972292
2564,198639.83688937957
2565,140400.37650769748
2566,161439.7020149687
2567,143720.23865157057
2568,202547.30641195885
2569,225430.71836420373
2570,116502.56294630714
2571,199472.2038363
2572,165339.74201298007
2573,237742.00625119684
2574,333149.30799284764
2575,123623.59349825348
2576,100824.915678044
2577,127403.73953489457
2578,77994.96001905201
2579,52636.76122684286
2580,105480.89420688298
2581,115832.17227031486
2582,115337.40321203292
2583,309781.4602083055
2584,174926.36573165134
2585,183030.8079794765
2586,221487.33291325122
2587,198821.34271666536
2588,148733.1205531939
2589,147412.51848316137
2590,202253.7930269159
2591,218012.91257983356
2592,215013.66760507098
2593,246480.41493314004
2594,182806.42121426383
2595,198894.2534949074
2596,278867.1319416768
2597,181464.7252487078
2598,285139.6375482446
2599,346928.52863385034
2600,146528.78241984962
2601,141898.77658685565
2602,83420.331670563
2603,91951.647509583
2604,90963.97868169604
2605,80507.11732265685
2606,140741.91596062027
2607,202897.9148015369
2608,193873.22513688286
2609,165186.37777626805
2610,107061.85012361406
2611,125202.46817048428
2612,164673.52246472813
2613,124131.54664971658
2614,121416.25471213517
2615,155580.84693687994
2616,143779.7206845372
2617,185206.82624968846
2618,211902.70543071665
2619,207295.45724970134
2620,185399.91154464713
2621,181730.62069095302
2622,182880.00099306274
2623,239694.77539859683
2624,306415.6989236814
2625,298694.0034901633
2626,173605.09545183612
2627,171827.63427202436
2628,464594.0940548627
2629,500857.46329022205
2630,393934.3824994351
2631,464413.7497823202
2632,398065.94849972596
2633,320113.85527536407
2634,417742.7011094331
2635,158311.68707219715
2636,175630.32397007808
2637,178056.65574470526
2638,262540.5534375453
2639,184345.08490319474
2640,148348.47529685195
2641,98202.18213173625
2642,197002.04148089132
2643,107092.47390584434
2644,125892.94365186692
2645,110772.33688880134
2646,97085.41045155244
2647,107137.8475871371
2648,141643.9876803193
2649,149090.58336257833
2650,137873.15885382565
2651,138148.90557551922
2652,406919.97889620386
2653,261842.89290879987
2654,265373.99964065535
2655,386628.299799441
2656,326364.642464708
2657,346293.3040254698
2658,305657.70792360813
2659,325331.853955074
2660,359946.3524818811
2661,370407.32331884775
2662,354037.2280014046
2663,298155.4489327616
2664,270878.2449431563
2665,325083.700604219
2666,294875.93861075107
2667,174034.3312508864
2668,182353.24171700107
2669,186108.2683952188
2670,277485.8642204998
2671,190187.31226067225
2672,195507.30242575094
2673,193016.8456083124
2674,194910.39421196046
2675,178382.44764448568
2676,194269.50309740155
2677,196937.63161597706
2678,251996.39673585273
2679,278428.25008837087
2680,290426.44955975434
2681,368475.2051168033
2682,308490.40619298967
2683,470066.98589889874
2684,328195.46936562203
2685,322348.61651174835
2686,258768.5553536665
2687,295931.4385722077
2688,219119.6792842783
2689,215937.68361835228
2690,385467.65129357757
2691,189251.75632601362
2692,148664.25744550797
2693,205638.5557138911
2694,144947.7601718381
2695,190142.48199390198
2696,182065.97483185746
2697,184533.60402295314
2698,179085.74586529876
2699,176786.50574845073
2700,159228.49083291108
2701,146075.90323394173
2702,107943.12467355504
2703,133026.43197802154
2704,145725.75716014087
2705,111667.08983823124
2706,107371.53651248204
2707,119910.74115150541
2708,131294.46002725465
2709,104813.21494052008
2710,123309.31884597805
2711,280748.60411547485
2712,368855.8803614665
2713,169711.5575816024
2714,145986.28313578872
2715,162742.5647310184
2716,145511.84089741603
2717,194245.84041333257
2718,218473.86845881812
2719,149709.48273592253
2720,174628.30769343395
2721,127064.61143041177
2722,161332.99478520683
2723,146163.78733422933
2724,126672.60876401997
2725,127209.33020627161
2726,149380.6030483653
2727,187280.83921564516
2728,180196.60380167695
2729,148994.48041796355
2730,146111.57352686435
2731,120381.33328773412
2732,129994.63322690736
2733,161053.26104798843
2734,146021.84673713238
2735,130956.78417333578
2736,142531.16517165912
2737,117765.45059746894
2738,140631.89378689395
2739,159055.54535836374
2740,132430.8424634424
2741,146474.78396499416
2742,153643.91453539743
2743,155578.1562492297
2744,160789.20397131937
2745,140166.60923472338
2746,136926.19803266833
2747,139428.57527224824
2748,116023.3691370629
2749,127257.99806439165
2750,134169.35624472695
2751,131163.75536469568
2752,206491.67048015047
2753,152659.53844028045
2754,203447.28981414138
2755,137101.1274056689
2756,88634.07521344074
2757,68394.19124169319
2758,84597.1060552901
2759,145971.46474321786
2760,121187.77679954731
2761,141243.19450164278
2762,146210.06731162162
2763,185710.11793497478
2764,148810.96059061144
2765,282273.18757835944
2766,91668.48402945741
2767,82481.92619564783
2768,131787.1206773766
2769,125341.59181826386
2770,142452.0578138024
2771,107249.38337653295
2772,112222.06508444519
2773,160968.74571691864
2774,145703.17956412048
2775,119732.79625852953
2776,139516.75672839448
2777,149504.2159080288
2778,100550.23576097682
2779,119254.92271285623
2780,102908.88591503698
2781,92805.77275666005
2782,92492.00382970642
2783,95299.55356356456
2784,123760.56971494906
2785,132815.42605731773
2786,64826.99315424469
2787,132470.77603735382
2788,73709.78509522032
2789,166798.7779654068
2790,93405.64953806458
2791,114899.78729648802
2792,63602.4551361374
2793,106924.42253777117
2794,98205.24968675648
2795,123162.4929009119
2796,98101.51526819382
2797,208599.78256134887
2798,105879.12190767763
2799,107488.73860878241
2800,65046.28114060217
2801,96787.46522888311
2802,128192.54599705385
2803,169549.10984099744
2804,132643.1399966482
2805,92246.56806799892
2806,82759.88424693633
2807,166096.70631279543
2808,144653.13185599944
2809,133773.95060203952
2810,128064.86378938761
2811,158550.85350572967
2812,171074.8156769075
2813,155018.08734298512
2814,157125.63552939738
2815,99232.68985464613
2816,225833.14151826338
2817,145974.5274997991
2818,126326.65838980877
2819,160058.5235098853
2820,132590.27278601768
2821,101607.21349482784
2822,187883.20335437352
2823,302454.41012584855
2824,180406.59603560186
2825,143946.58433278577
2826,131151.8044756557
2827,144363.40626156138
2828,209483.0783882616
2829,206138.24945614574
2830,240657.40137007923
2831,178422.190974755
2832,244579.99370522724
2833,299573.744638789
2834,234101.78649263937
2835,232260.8016193431
2836,190726.1272347314
2837,164302.95884802923
2838,150588.01058648792
2839,169433.33530753833
2840,200312.301700004
2841,202774.71091972754
2842,231714.61108319857
2843,151419.7507808684
2844,170201.17108420702
2845,119016.82838131212
2846,208041.90261632204
2847,208374.76464048665
2848,221533.51009500015
2849,197496.96245742505
2850,271970.20949546865
2851,223832.3293823579
2852,230158.93338527108
2853,234908.48035846915
2854,137650.50175174844
2855,198683.10476710624
2856,205972.5964633611
2857,189208.43799142283
2858,211546.128092254
2859,119180.91399036116
2860,140894.69539546093
2861,129280.62598366756
2862,194259.21285552974
2863,129727.8843762219
2864,232215.52287633132
2865,152985.23580626887
2866,147618.20981366493
2867,98775.06465378354
2868,96788.6036499154
2869,99573.06619302688
2870,126317.0337306953
2871,80002.89376946665
2872,46580.08870323141
2873,99040.75503828411
2874,146044.32379837427
2875,124287.2803274869
2876,160998.42003194138
2877,137085.60503552546
2878,163096.42633033948
2879,144151.96359003944
2880,104796.94625181028
2881,152443.14579157502
2882,176683.89503049292
2883,196469.6535257736
2884,204699.25473605984
2885,185828.08092307454
2886,230473.78711386968
2887,90154.00430802029
2888,130345.7898133993
2889,55313.51611247782
2890,73434.98221988825
2891,131695.65939464967
2892,50229.340293368376
2893,90069.52750077633
2894,58489.004832274535
2895,339260.00260164513
2896,290676.9728658531
2897,223421.07727725542
2898,157304.00790510676
2899,203875.77536494928
2900,159631.70057416393
2901,216730.40517478154
2902,182179.3664062028
2903,312957.0739470959
2904,334199.6267799117
2905,80880.40514468757
2906,200579.9430913788
2907,112448.97993410463
2908,127263.82403161339
2909,160834.77240525244
2910,77073.40110562032
2911,82259.33947511762
2912,150545.33688090908
2913,85324.47241938867
2914,81623.65782495857
2915,90054.27082584272
2916,87040.06874529502
2917,167951.82241866656
2918,121365.85455554767
2919,223562.82710774225
