ID,SalePrice
1461,120592.0218335003
1462,156121.22071347758
1463,192330.59543290685
1464,189429.98465190612
1465,194508.6995053732
1466,175872.82366979748
1467,175631.58706389987
1468,171237.56357455498
1469,180004.5493720733
1470,130632.20304008934
1471,188471.01055267538
1472,96884.35402038142
1473,102764.24399555456
1474,147020.4968494741
1475,118705.52959869447
1476,395479.17213043757
1477,257334.15261193173
1478,300587.5366991369
1479,273165.81781475805
1480,503222.28592379467
1481,331691.5679055419
1482,205149.3435519738
1483,178086.57004563947
1484,168881.84552185118
1485,191489.74113765324
1486,191454.01622719504
1487,353599.5813314486
1488,223668.7803921391
1489,215242.86137075516
1490,234890.967395388
1491,193442.16384703945
1492,86118.04617908869
1493,189610.25320634223
1494,316402.5931159771
1495,285239.6070533145
1496,244608.43212307594
1497,179627.6241645
1498,164943.40610404493
1499,163987.67740026032
1500,161461.8623668824
1501,181813.0993253151
1502,161253.5706465451
1503,295169.01261538034
1504,240233.03393309933
1505,227312.0873134102
1506,185539.08883254215
1507,256637.96864520496
1508,196395.88923218218
1509,162616.3665647689
1510,152207.892881033
1511,148288.3504430513
1512,169961.74216222845
1513,142098.16205016122
1514,160575.20800791233
1515,199474.88315700827
1516,152817.08675063643
1517,164105.96787797764
1518,133735.55631406564
1519,237293.75686887885
1520,135040.54045080466
1521,137778.5428335171
1522,167911.30531331876
1523,112874.84950589681
1524,119610.72173474898
1525,121176.89898565301
1526,120321.05764857843
1527,107439.48749476054
1528,128505.94354787016
1529,150155.2367453683
1530,172312.16882517523
1531,114357.79502647796
1532,94946.71963688858
1533,148843.15210463188
1534,122557.25949274495
1535,149490.11782803904
1536,112934.8322813578
1537,79268.6344837982
1538,171233.63785797262
1539,206832.71807476552
1540,108585.29851030055
1541,141295.86933639456
1542,133352.5405819148
1543,198246.882557966
1544,82335.50375839246
1545,109041.63204269807
1546,132803.61704200413
1547,137157.74332031334
1548,136308.65585264575
1549,122599.65401262882
1550,141129.1092907725
1551,113873.23714277234
1552,146642.16328578407
1553,159569.71090686918
1554,114441.11253151008
1555,170807.44744079356
1556,92917.93001015187
1557,103333.48090779172
1558,102962.44275165896
1559,108410.46380834474
1560,135532.01850707838
1561,142382.4967788069
1562,129824.22255485349
1563,122118.47235715801
1564,165194.91263104556
1565,153158.0160783539
1566,233889.96068878562
1567,75060.11399639692
1568,236286.53449016827
1569,147230.74870438088
1570,148214.49881138105
1571,126475.2809517508
1572,147274.99419771356
1573,261279.09946959576
1574,123392.14931707253
1575,238683.5096570956
1576,256830.79914009938
1577,197225.67362590603
1578,146529.9405393905
1579,151063.29528642574
1580,185093.40041682622
1581,161279.68179926375
1582,121122.00293380642
1583,322470.77030608954
1584,226997.3286903891
1585,144241.7319975603
1586,72964.60374712294
1587,99077.13243254538
1588,156069.60166002874
1589,101821.87495827212
1590,128569.56801677977
1591,91743.00683300612
1592,120807.99938262983
1593,125202.00045931396
1594,145772.1739824069
1595,125623.91868419808
1596,235918.64775158663
1597,196323.16508785234
1598,205835.8676213039
1599,182265.5865009712
1600,177762.3153070301
1601,67565.73477517201
1602,116788.85620088023
1603,84020.26122671556
1604,268656.0227681014
1605,245871.87482736108
1606,158437.64080193554
1607,179575.77162246042
1608,225179.1212279157
1609,189482.18574342562
1610,157214.28803756082
1611,140995.37658546033
1612,166213.88384837197
1613,174726.9737737346
1614,129704.41470217331
1615,93446.58768860332
1616,69251.38644636677
1617,98447.38180087702
1618,121304.81610283241
1619,147231.48494750637
1620,195120.2992856305
1621,145994.2832531067
1622,138792.07846589587
1623,281679.75802197703
1624,214248.49462817283
1625,127802.03256614998
1626,154955.87815286007
1627,182699.52090508537
1628,281840.0404421046
1629,178448.69774864847
1630,351332.7245581869
1631,202662.12471765984
1632,228543.45223158758
1633,175426.8214800279
1634,186099.92226291017
1635,181383.81148987147
1636,155817.2646516026
1637,191740.32994304464
1638,196688.31264800482
1639,177269.56452911242
1640,252279.90221858682
1641,174921.20693171007
1642,226777.61629887897
1643,221550.87060274964
1644,230570.47687531824
1645,194569.2874907643
1646,153993.5628798032
1647,148627.18978815837
1648,139158.33213069974
1649,137460.92954323487
1650,117907.87498791888
1651,122137.92829459521
1652,101277.7323390683
1653,97405.55532124982
1654,146736.35694031502
1655,143389.50860094975
1656,143275.39025227822
1657,145372.7904025289
1658,148376.55471568892
1659,122840.34784989872
1660,161284.84415784696
1661,425112.10600078787
1662,367953.93191059044
1663,389209.8832430675
1664,446268.8903649416
1665,311406.6019071191
1666,329579.2529295924
1667,364998.43803527835
1668,328053.1404442305
1669,285105.56777139264
1670,359705.6752246031
1671,274336.14984473085
1672,460300.3710728636
1673,311457.05753313954
1674,245387.76085180536
1675,191075.52417885567
1676,197558.36184338614
1677,217291.5758004354
1678,484481.25457388366
1679,393424.2351906412
1680,339501.44785354065
1681,253009.6422680627
1682,318992.2307495181
1683,185014.11041608962
1684,170253.1070116981
1685,172776.23571900045
1686,175286.79672748788
1687,165399.67529062775
1688,188759.22859999107
1689,190232.89141592899
1690,195389.10136684685
1691,186423.6188175818
1692,263067.28869964724
1693,172032.30427325735
1694,182525.69156750233
1695,161008.328590325
1696,271371.48869074084
1697,163408.93454604596
1698,368814.3397985742
1699,332840.5664501426
1700,252053.9820760136
1701,258731.99267377
1702,264170.07214107964
1703,247305.23272117187
1704,291109.6711571069
1705,228634.45442199448
1706,408528.8476819938
1707,218904.30113397827
1708,224000.73931728007
1709,295948.64807025576
1710,227796.48075433032
1711,272775.84386100987
1712,251410.99425531115
1713,273982.10145195236
1714,217723.87128853155
1715,207581.07155047744
1716,176461.72795762087
1717,166977.47557896914
1718,133302.9616775283
1719,199859.75539835406
1720,251069.37721836072
1721,166882.99672131846
1722,131905.87050726826
1723,159328.81273109964
1724,218101.33105442222
1725,240340.70152048467
1726,192361.42429167443
1727,164518.9241554655
1728,180291.6995258175
1729,169673.47042620063
1730,164769.97925555074
1731,118047.13753577543
1732,129615.30758819012
1733,121958.14566825931
1734,115783.90429747965
1735,140549.48427778165
1736,119056.18806031538
1737,328864.2314633534
1738,224772.77801960427
1739,255922.15159306096
1740,250625.69416413378
1741,207406.48321999717
1742,172728.20524959546
1743,174114.13702734513
1744,289417.3661062791
1745,228483.7839392466
1746,194811.19881423304
1747,223403.18177820358
1748,229673.8315910479
1749,152003.75958495136
1750,127626.00932128775
1751,237318.1010486282
1752,123571.91934815646
1753,148211.86496273635
1754,191440.8854004835
1755,170426.22474536585
1756,126028.81841011325
1757,119555.43880122916
1758,154422.74509419323
1759,158005.335684071
1760,162777.70532913206
1761,145319.42529650376
1762,193233.87102586834
1763,167394.08049420008
1764,120568.17646984391
1765,176638.59902181156
1766,176064.76701292786
1767,210132.73308817478
1768,145293.80566378278
1769,171311.02659038495
1770,149218.40335017745
1771,130833.96954829655
1772,135358.85997138065
1773,130031.6004262917
1774,141324.16558988506
1775,138605.17750270225
1776,129487.34223578312
1777,114596.93425988463
1778,145038.7581611942
1779,127411.18165564381
1780,169846.36734942623
1781,133144.7786346607
1782,97574.38763453267
1783,146871.12451100623
1784,110967.17191994037
1785,113374.6461018114
1786,147540.76485486026
1787,160227.2538668732
1788,63757.086219658784
1789,108236.29037833327
1790,87958.29084276603
1791,195520.66326053237
1792,154294.6189655378
1793,134502.4751917826
1794,145219.3128302484
1795,126756.57555084738
1796,137755.77208498854
1797,118599.00021285274
1798,127721.0984510857
1799,113965.32470669449
1800,143508.18820602578
1801,127535.60085474557
1802,132767.11420837356
1803,148969.49878043972
1804,146021.33849520073
1805,137269.3586701734
1806,117946.9467092854
1807,134745.45674798873
1808,128499.54596128172
1809,122815.91630084686
1810,145618.86273849712
1811,94395.4048080175
1812,95024.51132476858
1813,121673.00637092988
1814,89587.32584892017
1815,43006.26128448601
1816,97887.04216909573
1817,122985.84512072158
1818,148856.31896576297
1819,127802.06439423512
1820,77724.70042128745
1821,112082.73392789841
1822,156581.9103769787
1823,46400.5434803176
1824,136677.48766452677
1825,139553.99532602692
1826,116336.4421279129
1827,103654.2850364344
1828,139529.0601996362
1829,115659.81397792739
1830,138750.4662239507
1831,144229.4877888757
1832,88414.36961146556
1833,145441.0511351547
1834,128989.33083743317
1835,126755.31186573415
1836,119729.1000762124
1837,89476.60126109424
1838,124626.8415136708
1839,99967.7376221904
1840,170306.03431526077
1841,149351.15418150267
1842,81704.97397004986
1843,142920.40487097285
1844,139651.73993271
1845,146483.30544620202
1846,156247.31533931583
1847,186534.79177000633
1848,57064.119752957
1849,116667.79115223704
1850,119670.84007480161
1851,159259.35100929445
1852,129472.72696631054
1853,145395.5480362075
1854,168536.0108053227
1855,155727.80867022384
1856,217648.20947933575
1857,156220.30493504286
1858,139542.3491848365
1859,118981.50248703056
1860,143634.8632382145
1861,118877.80304960985
1862,290631.94769276923
1863,272981.83831516915
1864,272981.83831516915
1865,332337.56682726694
1866,328572.92064855946
1867,246357.43485269524
1868,299136.3197814189
1869,198411.58311182607
1870,236301.38453482656
1871,253426.23998189214
1872,174805.47623568433
1873,234599.3422314034
1874,144896.3261081543
1875,194509.05351070664
1876,198070.5340268726
1877,216084.1588696975
1878,205445.72317153547
1879,137165.46791210608
1880,132931.8262872079
1881,259827.1159504817
1882,248339.03080456957
1883,188069.1954746896
1884,209117.98408996646
1885,233850.15708529355
1886,298711.2479471
1887,200863.44075828965
1888,274590.9704350162
1889,166461.16052568692
1890,133563.60395104525
1891,139573.01368049267
1892,106208.2620236386
1893,140485.72450883078
1894,128203.20022244335
1895,138115.60576062676
1896,128224.34471967282
1897,124881.64655871311
1898,118308.12307825053
1899,158929.98607674518
1900,159092.9890558012
1901,173165.08421067992
1902,148533.87898439248
1903,214469.2365588534
1904,140575.74827499726
1905,196063.77808896895
1906,167353.5601675723
1907,214265.62931553982
1908,110111.97780286486
1909,138811.30502253043
1910,121474.22302130809
1911,220474.2292504309
1912,296596.30130404147
1913,145184.201626536
1914,69746.42376093047
1915,276756.92176817014
1916,58376.400409700924
1917,241088.20763083475
1918,134792.6437342226
1919,163873.86022519757
1920,157677.1821964072
1921,427513.3983431778
1922,337032.1982975649
1923,211329.54309316617
1924,226783.0974376236
1925,203590.60103162943
1926,387744.53654922964
1927,137218.78108435095
1928,155864.97422871835
1929,123283.8936806695
1930,140397.1508825851
1931,143655.36919823068
1932,143736.13252916047
1933,201154.26867799065
1934,176237.36666820836
1935,174798.0008707911
1936,190530.52852189203
1937,180651.07712554693
1938,181545.64982324082
1939,224011.78721736517
1940,195805.9694254404
1941,167411.062413636
1942,177917.2112465594
1943,208578.40729847856
1944,349282.83437439305
1945,385953.7506124135
1946,163875.84687487097
1947,272072.33689402026
1948,171898.6025192984
1949,230501.88286641252
1950,175255.7752481105
1951,266503.02768348856
1952,213055.715805772
1953,168481.7927667327
1954,179828.17231229882
1955,138110.77904993438
1956,287803.3572651846
1957,147809.83220077233
1958,304103.3160660693
1959,139563.9632317574
1960,118894.87019580742
1961,118805.73253762562
1962,102356.50995531835
1963,106990.94396220028
1964,108579.88546891206
1965,147269.34396253686
1966,136773.62700252415
1967,301821.298556988
1968,448797.8577211906
1969,389724.1259140906
1970,440114.8866232594
1971,405956.5376262132
1972,364248.3632857567
1973,275801.71495007107
1974,316020.4673762146
1975,501587.8313359187
1976,274869.1607575649
1977,386882.8965918871
1978,372788.98853071395
1979,340138.89986496704
1980,201883.30013644136
1981,354280.7703148538
1982,215539.03020920532
1983,207452.8999078894
1984,173848.67622078923
1985,226011.38092542515
1986,215555.73237491507
1987,183893.837560396
1988,180973.27095339375
1989,188771.9735326164
1990,215927.75683484718
1991,221114.10760190364
1992,215334.165014725
1993,168827.03539371773
1994,230002.86407467234
1995,179924.2247012338
1996,251171.18541131125
1997,302199.6042500572
1998,361748.7934771167
1999,260981.36915186804
2000,305161.46871413727
2001,284136.4813253823
2002,236423.69484102487
2003,266402.307363889
2004,296681.4808187995
2005,209793.31744392795
2006,236691.4191271837
2007,245654.18698011825
2008,226462.24917992635
2009,194902.7502273439
2010,192829.6817902264
2011,147441.03130033516
2012,173924.54103552588
2013,187379.88046429763
2014,188027.71051166585
2015,207505.64490307265
2016,195890.31195087128
2017,198068.10660566326
2018,128960.34738046963
2019,134941.09861576083
2020,110858.2228790673
2021,112799.62222921764
2022,174301.5188404835
2023,133312.63714774878
2024,273202.04024959257
2025,365205.0909938747
2026,179788.45821983402
2027,159007.3923337125
2028,149053.37593414483
2029,172231.3816568141
2030,265254.8079252043
2031,238433.92681323434
2032,241361.29627884313
2033,263657.18296282075
2034,168388.67388844347
2035,212302.5944434239
2036,187706.96050386308
2037,190073.47937684302
2038,291139.5018865706
2039,226887.79724806643
2040,313883.23646403744
2041,257369.13085518996
2042,203105.58209558684
2043,167305.77024504435
2044,160088.80439933005
2045,202271.16951360085
2046,137455.0525114679
2047,148571.82157082506
2048,140518.11108961335
2049,139460.69718120422
2050,180906.1577919229
2051,118423.684147608
2052,132856.7230483869
2053,151008.63992061518
2054,88990.92912083288
2055,159845.69447967035
2056,151468.80016265536
2057,123253.51517888508
2058,230697.16840779255
2059,136895.93161518726
2060,168081.3635130139
2061,161930.76377571598
2062,131005.97861020335
2063,114633.27167517593
2064,134760.26095213162
2065,122540.6782565984
2066,169977.01313606265
2067,133862.21080629865
2068,137556.02066268833
2069,79579.71427654178
2070,107684.00965752649
2071,103574.8691822235
2072,100207.78971194818
2073,137742.7336187225
2074,181206.4199472921
2075,142918.22088234415
2076,119745.06048270027
2077,156867.89490712885
2078,128955.86633394627
2079,126055.58618135893
2080,114396.67244762644
2081,125139.75485885973
2082,126956.71361633528
2083,138306.54255941242
2084,112275.53640383738
2085,121439.01232601595
2086,137907.8746822113
2087,119609.18553009436
2088,99756.25990941173
2089,75169.33864057549
2090,133040.48180695897
2091,118285.21913298713
2092,117522.48730072269
2093,116824.23487462151
2094,109962.65338668064
2095,145875.34262440607
2096,78321.25465507412
2097,95944.93615012239
2098,136845.903501837
2099,58268.83976204344
2100,100208.87955494612
2101,120767.27014377703
2102,123265.42841456711
2103,102873.15514648407
2104,139555.30711843396
2105,128063.3645739035
2106,69269.49033736231
2107,198344.53228350784
2108,110773.93208743416
2109,107864.83603577563
2110,130242.78038020633
2111,146783.16372081893
2112,144207.28062509085
2113,120511.77475719489
2114,111148.97141998792
2115,159856.8298785407
2116,115188.55565435326
2117,149333.4542491116
2118,128379.27183871096
2119,113551.29675692272
2120,117692.57450688245
2121,84229.23954277494
2122,109042.77224949114
2123,91312.35970865656
2124,162215.46300684856
2125,131210.46925045745
2126,151144.25784292407
2127,153863.49247502902
2128,130469.2412604201
2129,94425.67292802644
2130,135680.48242100776
2131,142339.53407883603
2132,108144.60935125392
2133,119288.1988800121
2134,115140.28251131675
2135,91134.60597836187
2136,78561.55967294327
2137,118094.84993076365
2138,130912.06513847999
2139,145526.3608989777
2140,143246.82387112913
2141,149407.79142875187
2142,135387.9552535535
2143,143292.5623115306
2144,129070.87573165786
2145,140309.59670400928
2146,166633.61331846498
2147,137560.94675322186
2148,134983.243858022
2149,158268.58324581833
2150,208472.51180277226
2151,111613.7158780851
2152,168809.9305743821
2153,168422.61440704783
2154,107105.51374726705
2155,146369.4546384158
2156,266922.88098374783
2157,231322.08199249028
2158,232525.3672568627
2159,195576.05634183387
2160,170581.0435767102
2161,228189.43723870756
2162,447223.00606940716
2163,362434.9270925772
2164,246062.44883876876
2165,186203.32797992387
2166,147674.96385897507
2167,216402.1033619385
2168,206524.7806217824
2169,201907.99059357826
2170,228685.75618301446
2171,153154.88406082004
2172,129921.31782000765
2173,162680.0155262953
2174,224467.87099362208
2175,305729.6774490563
2176,322635.09255680337
2177,240898.0028714784
2178,207504.21241670416
2179,145462.01448857557
2180,248197.68079301217
2181,184545.31099523534
2182,211619.3191912609
2183,189040.0550384178
2184,128826.21233669516
2185,134189.32178495143
2186,141021.8630567737
2187,147101.52258197768
2188,158639.59085805024
2189,235876.28749621444
2190,78061.70308926872
2191,78579.85752247843
2192,86025.33356274977
2193,101275.33645304236
2194,104950.57881787763
2195,121427.00933765175
2196,107056.87737786763
2197,122437.22484564618
2198,149734.6771886564
2199,172297.20497629986
2200,147657.39153853184
2201,145831.51935160835
2202,208171.737446568
2203,155684.8759790057
2204,184335.89073363267
2205,119021.73835376749
2206,152217.78803514995
2207,232697.5561525469
2208,249416.0354071631
2209,240424.83367614975
2210,121900.97579503908
2211,113080.4757981267
2212,116020.23410950697
2213,102801.38963011779
2214,132190.77526386236
2215,104774.90665327676
2216,145177.10193603724
2217,74635.91980400831
2218,86568.43338180975
2219,74560.39496998677
2220,79034.90907415969
2221,277317.21108715306
2222,256239.92831585396
2223,300465.30198478716
2224,211482.48700732476
2225,130072.24940061453
2226,198330.70509072128
2227,197198.58897413997
2228,260187.19516395623
2229,248502.63827126625
2230,153511.61560900588
2231,229443.6501513875
2232,182484.39559890705
2233,182275.34875549868
2234,228978.03049080525
2235,222682.1253094255
2236,259064.33010222908
2237,348283.3858733656
2238,204214.91699702147
2239,118737.93955217743
2240,159859.561366998
2241,186055.42226016053
2242,129397.09764512765
2243,129584.84432915399
2244,113307.23722669073
2245,109632.82706115433
2246,141494.71930396027
2247,114741.95495237285
2248,124531.45963999126
2249,130095.24132743961
2250,136618.855208146
2251,126018.70835831926
2252,161135.33201084676
2253,155830.3569314738
2254,174038.63833127578
2255,187766.32264433612
2256,183669.72569049473
2257,214062.19949007983
2258,165904.60324438833
2259,178958.38905988663
2260,167243.84671013322
2261,203014.77476514294
2262,204670.14973501238
2263,368449.22023881535
2264,449163.8170042823
2265,185687.5975908012
2266,265798.9046332054
2267,367489.4983913666
2268,395246.37418520544
2269,147869.39072525047
2270,197547.33815800844
2271,219764.82273760226
2272,197901.36138846452
2273,162312.7421719105
2274,175625.28134150998
2275,162726.45928294887
2276,183928.96986861958
2277,180716.15406332136
2278,138429.2623990293
2279,130843.54122076528
2280,118024.09791394374
2281,175254.78292670337
2282,185077.62911111282
2283,106416.1980601826
2284,107157.3135623871
2285,138676.19670378324
2286,120368.57443171125
2287,360513.6725229332
2288,275452.0603696806
2289,410786.6438427341
2290,448765.43417360575
2291,315696.8580237619
2292,424955.63038832694
2293,485337.38802857586
2294,404300.69195355615
2295,447721.0936455538
2296,284545.0213196063
2297,321930.3191159048
2298,335039.9692942336
2299,384848.02767584607
2300,326896.73259421124
2301,308616.90150703955
2302,251071.13384801638
2303,239474.19052614117
2304,233130.0163238294
2305,190180.8962477327
2306,191513.23821554676
2307,193861.66164322366
2308,225283.34492401025
2309,267376.78856281674
2310,210564.57672566004
2311,199042.1868515342
2312,183203.35950456004
2313,171634.34280047723
2314,169439.92426584527
2315,173065.77823663512
2316,194003.96740533362
2317,184847.80483467912
2318,174458.46294356624
2319,173171.92107874973
2320,174791.44363865373
2321,241451.45362338837
2322,175228.340258342
2323,198935.09326621957
2324,167363.69609216135
2325,198780.4134090088
2326,175727.25823704552
2327,208931.97641507813
2328,226133.05387227633
2329,184155.64690194768
2330,177177.83255735954
2331,381605.34752337285
2332,362650.61927558243
2333,311308.17990085675
2334,254946.8065679425
2335,262503.4298327767
2336,335183.3249345847
2337,193915.2552671143
2338,275870.17209424736
2339,219840.0390676346
2340,381923.7139503841
2341,212307.5678396507
2342,218392.05588246442
2343,221289.69519950252
2344,228233.1934932332
2345,232817.9492848873
2346,214545.70135463658
2347,202389.69325205495
2348,238180.99131325717
2349,190391.5169333588
2350,295833.47456293425
2351,245457.38451833813
2352,250822.72996596634
2353,273220.776405439
2354,137761.57054930105
2355,135935.75740612939
2356,161508.90019991464
2357,191758.94641696938
2358,199565.9906393788
2359,131011.68813170539
2360,113056.40817437124
2361,142560.092914682
2362,277103.69502320525
2363,149445.87829318282
2364,170633.1775645615
2365,214102.80015716277
2366,198853.0017818818
2367,221832.78507900404
2368,211283.4146730827
2369,214842.85780869296
2370,173808.2597898182
2371,171217.59708797044
2372,188776.5315117205
2373,261265.73312695968
2374,305357.6210291941
2375,257007.19074755532
2376,288779.7684343209
2377,362357.1620010538
2378,148930.95535480502
2379,203931.27632248928
2380,142163.38875161504
2381,170082.86884490013
2382,190314.8163580949
2383,195332.97731615082
2384,236408.68668556112
2385,154326.2161837201
2386,139940.93324548876
2387,136566.00489975495
2388,101615.84876606295
2389,126851.21212975399
2390,156245.40383466598
2391,144450.33009902365
2392,114140.33138245453
2393,161882.12103864306
2394,149532.15456378754
2395,208120.4787520108
2396,144000.8596418716
2397,209036.88891600046
2398,142408.61737091225
2399,64871.7066262704
2400,56447.106328836286
2401,111932.74477242878
2402,140981.8198377734
2403,131775.5106534841
2404,149618.69455431204
2405,160114.53675746755
2406,141709.78348852182
2407,125386.1532922532
2408,148805.35042442888
2409,129726.95434277576
2410,160421.12659951055
2411,118347.49862020607
2412,152983.2588262309
2413,133213.15311789923
2414,141734.54850478406
2415,131305.75660876711
2416,119715.62469544075
2417,132000.784068166
2418,126118.4914254161
2419,122121.07960911191
2420,127687.11358816977
2421,148021.29578250696
2422,120165.07513916437
2423,130161.66215091849
2424,152336.23037321397
2425,236905.69259250717
2426,122223.32962145825
2427,136144.3907751029
2428,168546.1302325127
2429,117614.62835383191
2430,129241.38849882354
2431,122219.79009171553
2432,148924.0568028688
2433,147238.52596058382
2434,136607.300263013
2435,152206.70292533873
2436,117475.66813596028
2437,104246.74838381798
2438,128445.28202970179
2439,111914.60067687366
2440,120959.49442876909
2441,101846.97648536881
2442,102167.35314047118
2443,117079.82627319315
2444,128289.32283286937
2445,77425.88853445405
2446,130816.99121969537
2447,187193.8853069909
2448,138970.52515264635
2449,104362.58753432453
2450,145172.64405283835
2451,131321.72698409445
2452,196257.0895694921
2453,92423.16743890836
2454,134634.78073316623
2455,127348.90532507813
2456,123752.49486571475
2457,130901.47427152321
2458,133197.81961306382
2459,110327.18464831282
2460,138620.28431305123
2461,117294.32588949968
2462,135659.5250392215
2463,123040.43671717921
2464,167609.3286905386
2465,143700.91693873427
2466,118992.22871737956
2467,136507.5849516286
2468,77469.6681533525
2469,82550.35157916631
2470,195240.3645560488
2471,207820.80600611458
2472,159412.77006019204
2473,116017.35911151658
2474,98694.68998979333
2475,209058.3476236809
2476,112829.08809062417
2477,131063.82723888292
2478,147518.69774566253
2479,111155.1107030711
2480,160081.07733134562
2481,126274.9834655781
2482,122185.19278329602
2483,116925.46764421671
2484,117702.44314315489
2485,125201.81033967884
2486,152652.82997563243
2487,210349.30572371723
2488,156564.22516713035
2489,155862.49546382166
2490,154302.94005544286
2491,89500.0741506102
2492,188052.50192026055
2493,161508.09144800337
2494,145896.15679417175
2495,95601.57733731846
2496,253647.6308924324
2497,145917.5016366531
2498,114223.63462526827
2499,91889.34010539898
2500,139446.8059447981
2501,134972.16921771874
2502,144354.77179193168
2503,101918.39649183053
2504,164397.67862441213
2505,229181.40628906002
2506,254810.07061780558
2507,277601.2158069236
2508,246691.48981007043
2509,219744.34673384536
2510,213839.44420388306
2511,177829.05314432472
2512,207695.3143642878
2513,228891.732417675
2514,269985.3169748199
2515,153332.3190344409
2516,175247.52726093648
2517,144888.68371931015
2518,154694.27403379444
2519,227414.74629406194
2520,217968.35608110353
2521,188020.52348059198
2522,221038.24655882732
2523,115722.31538023886
2524,133260.31378695223
2525,141246.78502475464
2526,133847.28405411277
2527,120946.98771223189
2528,130217.48273102562
2529,135127.96105256674
2530,123903.6196124708
2531,255840.43832842534
2532,225155.20089787056
2533,197035.04569112463
2534,231708.0542477854
2535,313880.1511238173
2536,236969.87637428867
2537,236572.9545274179
2538,177851.70693633985
2539,183321.94708394946
2540,172793.7364287814
2541,177371.1103682928
2542,170517.86439396406
2543,128226.56356637804
2544,119448.97251701343
2545,135866.5411113664
2546,132579.02242938805
2547,132500.2060011286
2548,167920.19097041094
2549,166396.8121994242
2550,436962.9954324048
2551,145374.7703393144
2552,118840.84462928982
2553,82663.75066879719
2554,98602.65913912647
2555,121770.40490358163
2556,110337.05913165172
2557,111172.36969411014
2558,151127.18255398705
2559,135329.00814186758
2560,151362.56239651918
2561,147907.12428617408
2562,143471.74758542952
2563,153726.58346173857
2564,204859.539339528
2565,166805.47749518437
2566,164833.98160484273
2567,143408.82237036806
2568,207118.54768305417
2569,201585.20046585478
2570,115827.20476142694
2571,204603.8183321885
2572,155338.4240386047
2573,218934.41868128048
2574,285510.0897057282
2575,129021.89948129632
2576,120872.88249918961
2577,147623.79028819583
2578,82405.10362677566
2579,52765.89177431823
2580,123361.61993291444
2581,117978.26725043305
2582,117918.33371436248
2583,257677.28962601582
2584,162611.83567706824
2585,196378.60212472046
2586,219862.4861270202
2587,193918.92121446825
2588,137686.5543902601
2589,143035.37340989264
2590,207322.62320794875
2591,241686.15401086878
2592,205192.15639894214
2593,232295.4931467899
2594,166911.34559011727
2595,197406.35289988876
2596,332029.61620433215
2597,182872.3686284588
2598,286069.49556617107
2599,309945.23640268255
2600,202340.22420678663
2601,143559.50107499867
2602,90043.90305284332
2603,104129.62211125589
2604,87758.63927547832
2605,85491.74492554308
2606,155164.8157703407
2607,197469.1294264293
2608,192667.77777278228
2609,172017.23300943253
2610,108556.56690488652
2611,117375.089762633
2612,154505.22965469718
2613,134743.3366490596
2614,125966.49877184995
2615,150128.16108020506
2616,145643.93772901758
2617,191305.49035486093
2618,200129.64769202136
2619,185494.74193670743
2620,183795.36892492065
2621,181570.76245383703
2622,184988.6818317163
2623,243422.80180280804
2624,321050.09248736495
2625,317649.6343968313
2626,172942.05624797518
2627,170867.62453348085
2628,457357.24970886175
2629,509542.05273399764
2630,381354.23267375526
2631,467374.07021281245
2632,422443.2196280771
2633,298763.2612263753
2634,401187.59321107477
2635,141513.9188030523
2636,179502.093404689
2637,176715.04230403632
2638,248175.91843944413
2639,190426.39700382555
2640,144830.57873290833
2641,105623.17473382266
2642,191630.89780265203
2643,100705.31633051834
2644,131385.15658208763
2645,113592.65210030106
2646,99403.92243100799
2647,110030.00671563286
2648,142669.83880033626
2649,147320.63735861727
2650,131447.78651263152
2651,143657.9518264934
2652,417505.6041080886
2653,244570.4303281788
2654,258429.40436420994
2655,395260.7912307266
2656,332400.2110630627
2657,327627.0928768107
2658,272382.0724562286
2659,303986.7971323965
2660,345079.542010488
2661,367126.0388311822
2662,363324.6759021354
2663,289485.92170206417
2664,268366.2707795317
2665,321941.40828877216
2666,287573.5377879732
2667,164549.0666135947
2668,172523.1336756896
2669,174656.96953957406
2670,274034.98543628753
2671,176793.2919517423
2672,187890.73851852372
2673,210448.55139082627
2674,206111.9288647999
2675,175565.45119573275
2676,186155.92235047722
2677,195929.02760711664
2678,245629.704869869
2679,279648.48286064545
2680,276549.7080918549
2681,384161.2967714425
2682,314839.80625114386
2683,510681.0274384604
2684,319363.16119470954
2685,342129.988427628
2686,254281.47360368792
2687,338143.0144426882
2688,200832.17270567754
2689,204816.75550991736
2690,455859.88290647167
2691,194686.2049927655
2692,131093.2381714587
2693,186916.83837665504
2694,135993.8652208
2695,184613.92632526575
2696,181617.82259961445
2697,196276.5667315468
2698,199466.78667728338
2699,174996.94393488325
2700,166345.52050044775
2701,158042.00902276675
2702,114374.1342014379
2703,131820.27800425113
2704,139084.65080388114
2705,121075.96074911667
2706,116587.51620349837
2707,125826.11205149301
2708,134929.68974976748
2709,102932.77059942947
2710,128088.62730765129
2711,301973.8369695234
2712,371637.1256303867
2713,169914.8345490754
2714,151196.45262528796
2715,175765.03076862343
2716,153224.61361227257
2717,187515.6371357153
2718,224337.46272640355
2719,162870.1157135502
2720,166015.24146281017
2721,137096.65270776927
2722,174091.1140547836
2723,143386.86225234353
2724,134760.626043767
2725,135724.3622248497
2726,147289.3235338801
2727,178641.99742038717
2728,165016.49426402422
2729,150674.58469789286
2730,140421.00307690146
2731,127594.76047269694
2732,127210.93342769491
2733,153371.76252422004
2734,141384.76421518516
2735,137202.0344712442
2736,148143.73733808947
2737,121183.01454651116
2738,134174.33570829572
2739,165404.1900148421
2740,137681.65450378525
2741,151752.1509739382
2742,146410.74964735733
2743,143052.1346967498
2744,158345.89647820283
2745,139440.715393981
2746,144884.12324432126
2747,146099.81341261187
2748,126008.98686781472
2749,135437.14405158968
2750,133942.13404226198
2751,141585.08357285586
2752,217775.79932105044
2753,154898.47311153854
2754,236281.1117079917
2755,126583.38501191101
2756,97243.74853598369
2757,69122.40958920139
2758,93355.95210378968
2759,153504.30014780647
2760,132681.1658009909
2761,142244.6027637593
2762,148681.16899594854
2763,173768.77217028732
2764,153180.82758752155
2765,265919.13242788945
2766,135090.40206883362
2767,84696.90699577541
2768,129931.28415199125
2769,140045.02519465116
2770,136933.00489859417
2771,115284.64818991612
2772,113866.77472493857
2773,168973.95782694986
2774,134019.573773586
2775,117051.74402806605
2776,133002.46256008727
2777,145980.01285385454
2778,107687.52729170024
2779,133720.57760270638
2780,95780.16870963055
2781,97842.97232074276
2782,98822.06670187243
2783,107176.10660033139
2784,122284.11261371731
2785,138900.81751781236
2786,75561.1834210385
2787,118679.7267679776
2788,75735.08015803003
2789,164163.66902432885
2790,90788.44561246448
2791,113149.85191390051
2792,63462.18453218139
2793,174642.8246960669
2794,95255.73554439143
2795,121100.7662423331
2796,104405.64375580917
2797,189865.55010410244
2798,111089.22389780001
2799,106943.36085117505
2800,54160.20958837724
2801,107701.30482790728
2802,132432.9469159246
2803,174641.45117747682
2804,140179.71306174627
2805,99480.87832818284
2806,91082.90499776637
2807,151568.361638028
2808,150769.0229066545
2809,135332.5409980029
2810,133883.43050869755
2811,162843.63053858886
2812,153646.33470966842
2813,171647.7920618307
2814,164872.19867450034
2815,98353.11758029833
2816,229622.82157682447
2817,159543.4384920795
2818,131313.71396624518
2819,179981.91146144713
2820,146677.69334884777
2821,108445.81244834396
2822,196352.66160491426
2823,298074.2477621628
2824,194827.23000817024
2825,168048.72253748504
2826,133580.08443605818
2827,135408.95449247726
2828,225907.20975802708
2829,216480.8432684704
2830,224744.56784871686
2831,183390.63243128217
2832,260484.00641180007
2833,297872.61959849123
2834,210336.49672120804
2835,215086.69177335687
2836,193378.06047724493
2837,155349.86601171317
2838,151586.23078054067
2839,185030.7103405782
2840,191075.19783362132
2841,205133.77319065505
2842,232136.75602148875
2843,147778.39391090843
2844,155183.99887359203
2845,116448.06825969988
2846,211652.8997549345
2847,205141.88926057235
2848,204163.63524200133
2849,201081.2096835489
2850,277479.1449379444
2851,202679.57881189694
2852,229801.6283070166
2853,239464.35394351633
2854,143463.16029369063
2855,195936.73603786618
2856,197071.0863324564
2857,183340.32876237112
2858,186001.65257453168
2859,127232.02210231741
2860,125610.99978612272
2861,123828.34574468968
2862,200733.74784087724
2863,127618.88056392377
2864,234564.57988082134
2865,144472.2729335838
2866,135800.29492377146
2867,98791.70733703853
2868,109100.1029123118
2869,105082.4954751936
2870,137071.90808540833
2871,84978.97647994156
2872,50491.777949030955
2873,106343.31345301063
2874,136052.72973693613
2875,117642.91580410114
2876,166874.49687311117
2877,139941.180128333
2878,171192.6965287929
2879,142778.48716374187
2880,104816.69516147811
2881,156299.96209585984
2882,174708.53450873107
2883,185759.35549442374
2884,200472.05173291537
2885,187313.16629116543
2886,235325.37506848748
2887,92666.21583278173
2888,132061.20260454633
2889,37401.12238544948
2890,81345.29755233446
2891,127980.26343261848
2892,46117.37510140314
2893,85634.35040809182
2894,59116.13169045093
2895,294394.13460716425
2896,264767.39455920254
2897,191856.18351993087
2898,144246.13003787148
2899,205264.67981600517
2900,160745.9878278997
2901,192458.62055451615
2902,195519.36180351337
2903,338083.92083224235
2904,361898.2500792679
2905,100713.9895162021
2906,211703.44386792593
2907,112931.7089434658
2908,135292.16765492814
2909,143375.32501277977
2910,82084.46003640995
2911,84050.6915965201
2912,145363.2379188021
2913,83761.17443140014
2914,77517.31874319997
2915,82734.05686766411
2916,88298.12214844595
2917,175991.45881371966
2918,121634.43886972105
2919,224910.3926409946
