ID,SalePrice
1461,108468.18393166829
1462,146477.2355948817
1463,180839.90376322623
1464,196468.60502210818
1465,222496.68281267118
1466,162790.89193485957
1467,172367.5761683341
1468,157646.07757292036
1469,209178.2475698348
1470,114250.54909241386
1471,147310.59155704174
1472,90108.33443688788
1473,86385.36690095533
1474,143729.5632785149
1475,96790.75195187703
1476,388261.4660651218
1477,271508.07466479205
1478,311943.8370674839
1479,311273.0682653645
1480,452185.9868079368
1481,333384.9726675274
1482,214440.84327783715
1483,181398.10380147677
1484,164281.98095675372
1485,184938.38689499535
1486,186036.99718946218
1487,367353.4888942037
1488,227541.75932588242
1489,214228.14517499413
1490,257097.07198285963
1491,216974.70289612468
1492,107098.2248704778
1493,206164.68648626562
1494,296804.5678804107
1495,310079.56307744514
1496,249816.81068864744
1497,167513.1668409314
1498,180698.59969561733
1499,163916.0061483318
1500,156788.60311539657
1501,177629.09155770857
1502,125439.80452560633
1503,268807.277782131
1504,238981.61602958012
1505,230197.3848050777
1506,197597.09458803292
1507,231285.78996612877
1508,204407.5635078363
1509,161313.74620482046
1510,148621.93320998922
1511,160861.8409487661
1512,173225.09109433927
1513,151232.66074659396
1514,171148.39490247238
1515,214176.1709215464
1516,168050.6448519379
1517,177809.49407160934
1518,124139.44630633295
1519,217681.03081101645
1520,122700.09832488932
1521,131664.98250056524
1522,181557.6919944873
1523,110250.44419266377
1524,123064.18810137082
1525,119293.31457282137
1526,104027.39777064975
1527,100472.64236687869
1528,138812.45091684628
1529,164809.95209579356
1530,219043.85659747384
1531,118014.303204556
1532,92529.41719144583
1533,164720.72412578948
1534,135479.8516566297
1535,150453.4215774536
1536,104623.03401572723
1537,47241.12029778678
1538,175804.2736586053
1539,198769.31698745955
1540,115096.79513907153
1541,155810.38546205126
1542,158593.47615900263
1543,178380.99752965663
1544,70491.86569529213
1545,111974.18263801839
1546,148761.6341415504
1547,139551.90747829247
1548,140536.96805897076
1549,115289.87031243742
1550,147640.71794636175
1551,104654.91153720673
1552,128931.45733378455
1553,153487.8802393321
1554,109576.32819044404
1555,157967.02450246084
1556,66717.67847684771
1557,151531.7064168863
1558,103746.94033937529
1559,79350.48880134989
1560,127867.59965323005
1561,143542.9708418073
1562,136698.30314721912
1563,122242.1704926733
1564,162699.65338031575
1565,152538.54851441458
1566,225608.41024094634
1567,68616.24401455093
1568,223559.17021662835
1569,153904.9672321314
1570,113154.24091028329
1571,85748.61636150628
1572,151109.9146714667
1573,243280.1425800128
1574,155756.61353996675
1575,237930.37001579162
1576,262213.1456033215
1577,180075.22116429266
1578,152163.52186334878
1579,135523.68752323743
1580,189258.58073483873
1581,140467.90328358952
1582,134107.6590676168
1583,259940.7117366111
1584,205932.01590422727
1585,129407.18452228699
1586,68034.97065441031
1587,101625.00625372119
1588,161526.0126325013
1589,110867.59124816675
1590,123946.58547356725
1591,81746.7228877712
1592,132687.4556418173
1593,136108.3073166022
1594,113360.57364758477
1595,113719.03525432758
1596,215231.04795380775
1597,215244.5774720423
1598,236693.5328824427
1599,208803.0907476088
1600,184873.2170562474
1601,34307.10746144876
1602,128597.05417012144
1603,54736.70408958662
1604,279220.75718094315
1605,225767.6222708812
1606,145733.82604349498
1607,178609.12818062026
1608,208874.34967753105
1609,195118.9998770291
1610,159030.40422636364
1611,126349.81098709535
1612,193378.72766380757
1613,162159.89874250907
1614,149602.04825945757
1615,86951.81994967442
1616,61949.86726690829
1617,73251.55726826191
1618,127953.06122490577
1619,131479.9984381171
1620,169084.90596816782
1621,136103.23964076862
1622,157819.93375734892
1623,256292.46204565186
1624,213568.82971119974
1625,106365.94130105153
1626,176616.72221967764
1627,186088.83631434012
1628,269449.398918814
1629,177192.30586888827
1630,343921.0659122849
1631,275973.51833118685
1632,266504.4220556896
1633,168408.7121981578
1634,182247.39044165332
1635,164488.28502069134
1636,136728.10644544289
1637,195089.2938446002
1638,187431.8431548141
1639,185106.2271795515
1640,222239.63152079564
1641,180753.62209796533
1642,267577.0783200748
1643,231105.68753950018
1644,237856.6989872679
1645,211557.9353737831
1646,166762.49363715015
1647,152721.46323406417
1648,129018.85011229012
1649,126122.12099528499
1650,108633.35989368334
1651,118290.6282908842
1652,93020.20706117619
1653,92365.82014363538
1654,142007.90630055033
1655,129267.59854608215
1656,140697.10276768543
1657,149236.4086693097
1658,146450.54664316867
1659,112447.30540962331
1660,148499.2061590692
1661,422259.90436350834
1662,367498.9728643559
1663,385763.2280263845
1664,442567.84582622815
1665,341505.0304308012
1666,337373.4221897498
1667,378108.0878949398
1668,375241.07081484515
1669,322751.06865780894
1670,375902.1138758799
1671,265877.53432327975
1672,372400.4461163478
1673,288693.86468168534
1674,245605.10265954863
1675,204582.2820143737
1676,212910.23351025395
1677,223723.64630933572
1678,443491.30774198566
1679,376258.3635718273
1680,348711.0444557844
1681,294206.1043788986
1682,332068.37587896455
1683,184728.04133626353
1684,170148.958423811
1685,171228.36367406696
1686,161224.79070050828
1687,161360.2492665965
1688,183127.73793053254
1689,185017.61069308128
1690,191248.07670219522
1691,177633.5291584311
1692,250253.30641906057
1693,175115.1726665171
1694,180829.8845121637
1695,161380.8614662895
1696,271185.72767092474
1697,169959.2538845241
1698,352073.1890556663
1699,337881.77334100846
1700,285558.48691281304
1701,294627.7862992119
1702,230644.81651102565
1703,221137.0643970333
1704,260768.1155745983
1705,239214.82495811582
1706,231187.53837067075
1707,237320.219685331
1708,213949.20132885315
1709,262248.61353390384
1710,224071.4890783634
1711,276829.9642302152
1712,259662.9745923523
1713,284873.7710138904
1714,231592.71069716942
1715,222426.9206424607
1716,195579.14256687555
1717,179792.78408202343
1718,147546.483940918
1719,244681.573635716
1720,228034.62444806378
1721,135882.79265444912
1722,103675.58537262306
1723,145506.70653779246
1724,227872.3881062828
1725,244770.42763899453
1726,184643.03550586756
1727,140910.51265641022
1728,140152.86853447277
1729,194487.30601495225
1730,170118.5667324271
1731,104177.64431242179
1732,131757.4673345685
1733,100045.20487978868
1734,107425.13196669146
1735,81636.01086825784
1736,86582.89615021832
1737,254849.993127238
1738,281125.25775840133
1739,215426.73854464386
1740,211288.03369646333
1741,182166.96545622405
1742,169619.65155038796
1743,174683.20769029856
1744,339980.2061514659
1745,217773.17771453597
1746,166501.57425678335
1747,227930.1093245549
1748,196651.03647366073
1749,139732.63632374536
1750,129695.11229751725
1751,218556.001780387
1752,105476.56305838935
1753,155076.77220656164
1754,194298.0467400793
1755,163289.96680093184
1756,138275.96851918008
1757,114299.89455577172
1758,149132.54482973367
1759,179462.80780352466
1760,156995.0788610438
1761,161095.96418478992
1762,174795.48626584
1763,207773.93559888378
1764,107235.34957233723
1765,142157.9659122033
1766,186759.21679101698
1767,222367.82701645605
1768,142363.24046998192
1769,163546.9160627257
1770,152961.97911288403
1771,127724.25818578154
1772,127907.34213757515
1773,101639.28620359022
1774,145404.25620949175
1775,151366.73576918617
1776,124278.293556883
1777,115336.85402829945
1778,139259.42271487508
1779,133932.8825017074
1780,179389.5471261721
1781,132491.46869959868
1782,53362.06781771965
1783,151888.33702255692
1784,98851.82232711092
1785,140523.6232543895
1786,121492.7706797095
1787,163077.36827567872
1788,48468.95810522232
1789,99226.49561656453
1790,56229.86929190252
1791,177990.85759543814
1792,164462.18198380806
1793,162773.95999558643
1794,171443.95538299903
1795,137811.2935598828
1796,106448.42433818523
1797,126599.09187905863
1798,137336.54572256282
1799,89408.41896179784
1800,129213.8637524927
1801,134299.15986035485
1802,124114.92539186496
1803,158593.60460327566
1804,126175.54262280557
1805,135676.50319140498
1806,120552.8305187216
1807,144094.36841592938
1808,116715.99687843956
1809,142543.00085676834
1810,139831.83207895886
1811,95209.77070497349
1812,103452.35133311804
1813,133974.79882377293
1814,92228.629665507
1815,23828.824957648292
1816,100454.54879278969
1817,114783.18860810902
1818,178262.89550987724
1819,126099.45538512059
1820,20735.69038445875
1821,118087.10737705044
1822,157619.46149935387
1823,25431.336884066463
1824,132258.5942395823
1825,142516.9408742208
1826,96969.71481041051
1827,107871.64506046288
1828,143453.21260448173
1829,139349.94212236349
1830,165182.43250164296
1831,166750.08015450183
1832,69100.7992225429
1833,147255.52687360812
1834,122944.69177367259
1835,117344.32189931348
1836,132194.23498767428
1837,67362.58351326734
1838,119969.12775684614
1839,85629.37529187836
1840,171410.46998041682
1841,144991.989911397
1842,95648.02432536334
1843,148632.73903470766
1844,151928.2424460221
1845,144114.2539594192
1846,163047.5326646315
1847,147394.30489080492
1848,24762.027273947373
1849,113697.98977531493
1850,112370.0520510273
1851,142983.9279860789
1852,114087.75565850548
1853,119834.79360506777
1854,156564.44850490242
1855,153770.95938728657
1856,222906.24011400435
1857,144647.47991716955
1858,149761.35382920504
1859,110857.0907762032
1860,138972.8543188693
1861,114781.672268291
1862,289474.6827999251
1863,274987.88456198573
1864,275056.57263656147
1865,370121.01172843575
1866,350648.36129546165
1867,215334.38888354972
1868,275853.96889114194
1869,206158.63875175826
1870,228566.1143918056
1871,266701.6580235874
1872,176733.58279194683
1873,243898.38486847654
1874,138285.53889426123
1875,190460.05378496088
1876,202133.92257063556
1877,208111.8060456533
1878,189286.12010868825
1879,138167.31779149082
1880,116488.35965720285
1881,242661.3088817466
1882,230379.24404659122
1883,179662.37036497612
1884,198607.18658371363
1885,235020.35083305556
1886,282399.20482578594
1887,214078.4848690536
1888,256921.32740332186
1889,169097.32967884745
1890,125311.10911029112
1891,135255.9269126607
1892,92823.57177534234
1893,143266.77407145873
1894,127028.51443530433
1895,132450.27652969584
1896,128154.84192911536
1897,117373.29604478274
1898,96100.63376439828
1899,170846.65485578123
1900,152528.21421682183
1901,197756.47225229908
1902,168637.04117589444
1903,203742.7804334201
1904,162047.96048944257
1905,207727.32726895902
1906,147330.54497708287
1907,219503.93719026074
1908,112436.55233068112
1909,129536.67264751904
1910,120420.17978369072
1911,241108.05692656618
1912,332567.62868128344
1913,145855.0325831417
1914,40495.126297014765
1915,359615.62868022546
1916,60369.92955794837
1917,214074.08778955415
1918,117624.7911080867
1919,157503.88741923682
1920,172648.57838913891
1921,380727.2256308431
1922,362302.30979232397
1923,231709.95339243766
1924,230537.23313567508
1925,203618.66896453686
1926,375433.14582252596
1927,121207.93505304307
1928,180556.7012986727
1929,94172.34759144299
1930,108979.26657460537
1931,123786.99595569819
1932,132286.11657795403
1933,203082.56578090135
1934,183652.31126171444
1935,163542.72889203206
1936,218753.02546716575
1937,181574.61130387709
1938,165032.44230200257
1939,286283.62514738087
1940,220366.47283319756
1941,163301.96735789068
1942,165630.0724969413
1943,262477.6037781881
1944,394656.16959120706
1945,442969.7862499021
1946,155585.19837464485
1947,217173.7856258154
1948,163824.1734369835
1949,251535.94061904866
1950,191755.45937075466
1951,239067.26087294798
1952,189346.763710293
1953,178097.0579187153
1954,194391.62855864875
1955,138854.04620872997
1956,271659.0669971872
1957,161929.00924734864
1958,238276.39147370122
1959,134781.89026679937
1960,100248.12987888139
1961,118102.24853810295
1962,91601.86334545445
1963,103285.64932430256
1964,104446.74379615858
1965,140163.78550288174
1966,144137.79695540294
1967,317047.35360542405
1968,375987.2958517531
1969,403870.67427687906
1970,396221.5563534573
1971,451911.03791978303
1972,369020.5811471306
1973,307921.341837612
1974,335186.384265759
1975,466526.0310781654
1976,280794.103788903
1977,340112.0468397299
1978,349735.1245703399
1979,340800.8466099128
1980,221183.25362204015
1981,359411.24159499165
1982,225630.8437803574
1983,209725.0025137635
1984,174386.80517687835
1985,233189.23294439446
1986,204137.48784206156
1987,215903.11216550507
1988,166931.83327152207
1989,180976.2291584825
1990,195291.7160826428
1991,237802.94946835656
1992,214069.8442330109
1993,162886.2217976842
1994,214403.1465973435
1995,180400.16440192237
1996,277062.91413049214
1997,352234.56803564075
1998,325454.35349023435
1999,332501.5528291939
2000,334714.49172245804
2001,318226.8227190543
2002,243076.61649283953
2003,258616.4045580849
2004,279190.2167632142
2005,225306.26479549054
2006,232357.99652282242
2007,256387.39964491036
2008,241954.41493024305
2009,215037.02243176382
2010,209704.21228685603
2011,125415.06134445872
2012,195104.73211739026
2013,189581.05735829845
2014,194295.9154217271
2015,244036.00063486584
2016,205123.9829327315
2017,205188.76225584932
2018,70531.68941489421
2019,126512.27790820692
2020,62191.6105218241
2021,81899.58661810122
2022,189439.81702252198
2023,153373.3910385836
2024,294925.96034600586
2025,369956.45831639133
2026,171348.53042132966
2027,159353.99401969928
2028,156553.80401646718
2029,173769.57355858292
2030,258714.38944659848
2031,224908.5992990248
2032,251280.39269173238
2033,251124.05845758133
2034,174427.47508119326
2035,245380.12936550938
2036,201782.85326835606
2037,217229.66347490344
2038,325483.1417766223
2039,241060.34603848867
2040,276869.57517357916
2041,336296.95868492965
2042,215540.3135318784
2043,181541.04575321265
2044,160314.4241245445
2045,195141.7027053628
2046,156615.50909006316
2047,143982.63481917977
2048,137836.7200232381
2049,139111.72920848802
2050,165143.3398973737
2051,97745.48321266193
2052,127161.72406900302
2053,145543.52197135054
2054,66233.19720205478
2055,197847.88201253582
2056,126443.78108157404
2057,94866.59073581174
2058,215447.51714067534
2059,133346.70090676006
2060,181684.44292077422
2061,166440.3431065632
2062,124387.5760062905
2063,106308.88228702266
2064,141446.04120144434
2065,127982.55750190374
2066,175928.84194938187
2067,113150.09656709991
2068,157175.1956839459
2069,65259.209044381976
2070,107736.74031607434
2071,70778.53021752089
2072,149141.4753145799
2073,122153.69212004263
2074,169291.333075081
2075,179029.5159578696
2076,114888.83014953323
2077,162663.9492746694
2078,122310.52923143748
2079,141185.20040016063
2080,131790.57457133103
2081,125044.62586623058
2082,143693.3585176235
2083,163610.574459943
2084,95760.91209613532
2085,109891.46786685288
2086,107010.39583113324
2087,126779.73334743455
2088,91387.37441263068
2089,64268.76882411726
2090,108045.38247841783
2091,110951.76565154083
2092,140766.28821658436
2093,156111.96442025062
2094,115823.93379032705
2095,163433.2388673406
2096,70900.6905369889
2097,81029.46688313689
2098,172977.63918746822
2099,-585.6971091255546
2100,78650.46596341766
2101,113716.63142450806
2102,118912.56289295666
2103,96247.0768651329
2104,142621.81884065177
2105,137112.08840101864
2106,99986.87899107207
2107,187367.97078341153
2108,122297.80138227902
2109,115854.68511133827
2110,113349.49989333563
2111,136186.7430794565
2112,136556.78496358264
2113,120929.34003692772
2114,121949.58260372002
2115,157107.5961889131
2116,115145.35108278971
2117,148882.05594704486
2118,128744.88598934934
2119,120625.93592972122
2120,94149.21623326
2121,131379.6062527867
2122,108512.05182520859
2123,75787.88537817728
2124,171362.47384944465
2125,123790.57396157831
2126,164922.76162345614
2127,140440.50563818868
2128,101318.95735236257
2129,21520.242350929417
2130,149283.64151690342
2131,139009.70014154725
2132,122568.52320207376
2133,133600.78856488783
2134,117920.16278015077
2135,69039.47397358809
2136,84930.9973515952
2137,110514.99353056122
2138,140372.09377865307
2139,144670.81673497986
2140,142583.62446569465
2141,181564.71571681835
2142,133946.55353371706
2143,152255.62516891118
2144,123977.64089754503
2145,144705.04812864866
2146,183475.98592454754
2147,123693.50950525422
2148,139780.2163219899
2149,141267.0808396386
2150,263787.01807926595
2151,109149.79163659457
2152,189823.24890252668
2153,162204.72979637235
2154,111446.05842470191
2155,145397.25290103164
2156,244717.31492737774
2157,226355.59831317887
2158,247926.19132262561
2159,226071.93026041798
2160,189740.04005579185
2161,226663.2601666795
2162,355596.1989715211
2163,359209.54928558785
2164,271728.4700029185
2165,178769.09933492914
2166,149849.7356300261
2167,225471.5986923389
2168,197510.8425702285
2169,196507.5608397117
2170,212599.88636086043
2171,153968.00533748884
2172,134752.7434218619
2173,193394.96711014677
2174,213707.92650158983
2175,281136.3185716327
2176,317883.091104527
2177,240894.4705377072
2178,206396.95386520214
2179,122969.6222460214
2180,226986.38836539537
2181,191760.46066622064
2182,226438.57473696955
2183,193038.3101424724
2184,116754.55001066905
2185,113054.18561797682
2186,170371.52631380036
2187,147292.81948237307
2188,157826.82251620293
2189,278303.6103397496
2190,74066.82969206292
2191,64045.51402349118
2192,83987.83757714182
2193,122630.11162983254
2194,115434.06690390036
2195,87626.76114082243
2196,93652.09225663077
2197,121414.55778304208
2198,169054.9771053521
2199,163391.83495431114
2200,152235.8615864655
2201,159642.34005806874
2202,219594.71164154913
2203,146107.04747609794
2204,201340.24629122298
2205,142013.54565879796
2206,154379.87051991
2207,235328.5103921136
2208,263518.71522126347
2209,264101.6345153013
2210,132397.17874024902
2211,117258.30752940662
2212,126581.03238333855
2213,112822.61274432112
2214,161031.97416909784
2215,103754.71836043801
2216,168737.55984558165
2217,96199.28887241427
2218,71909.81694310624
2219,63737.38793677371
2220,18.982873079366982
2221,359337.1025495166
2222,305109.99903258774
2223,285708.23297839426
2224,197382.53040777333
2225,113283.08992833178
2226,166014.66922208946
2227,184080.230795064
2228,287638.90622726176
2229,255883.15871709958
2230,154966.9202203052
2231,222270.85155518167
2232,177703.8927287534
2233,183679.85538253188
2234,244602.8171168603
2235,219504.35634548124
2236,245060.2621323848
2237,283321.3857625695
2238,211178.0229844302
2239,107057.2088447595
2240,153289.50118292402
2241,152579.15794630256
2242,128563.519252697
2243,125801.37492431421
2244,133177.42080037855
2245,146052.90177615453
2246,142359.14412341267
2247,134890.09768011235
2248,113606.09863070399
2249,103938.59287605062
2250,126842.19388746284
2251,117302.57371742744
2252,196712.22020596918
2253,149941.99656661693
2254,175334.64793586917
2255,181785.6777005177
2256,160305.1093782466
2257,193712.97621164843
2258,151197.50845132302
2259,170928.3372462131
2260,119883.31206768006
2261,249678.9704801459
2262,247517.2216344662
2263,392552.51499410253
2264,471678.83027843386
2265,170557.9179205252
2266,350767.55989493616
2267,365780.4025415946
2268,448259.43229319155
2269,158826.74808483012
2270,186872.47975488752
2271,207747.2031661747
2272,193011.735552473
2273,154356.6636980977
2274,179269.16016225703
2275,156385.1729802126
2276,204603.40994667914
2277,181566.24596782587
2278,160948.8463102607
2279,125526.451960776
2280,98458.56569653843
2281,140298.23828347586
2282,170036.12237391807
2283,112297.386821202
2284,126038.69244362973
2285,150654.29887496773
2286,124573.71833216306
2287,404159.582665788
2288,299442.5952600008
2289,347031.6160914451
2290,445716.3222436402
2291,347199.8439524416
2292,432173.9109643074
2293,452179.4127943702
2294,395379.21583565976
2295,458817.76564195845
2296,293247.31507397443
2297,405741.87169745564
2298,388372.4647629084
2299,336883.31656978186
2300,326377.87736956216
2301,342396.5479859868
2302,270389.88325135224
2303,259826.81249746215
2304,283652.8988210885
2305,209354.1748961052
2306,196984.0221541971
2307,210452.90678879898
2308,225085.97290196456
2309,318362.25266485754
2310,221549.65242330823
2311,210622.62314469647
2312,196797.32450032793
2313,166874.31001979206
2314,188857.5795060303
2315,180396.53591738362
2316,193213.99419054575
2317,200654.97533598915
2318,184246.55952645652
2319,186858.23807381187
2320,185603.79977871757
2321,239460.42839381192
2322,201437.22539568227
2323,214575.74766612053
2324,173608.41746814456
2325,211092.88710526284
2326,165172.2960982835
2327,189368.05741352215
2328,203013.44575759303
2329,189685.03905261494
2330,174564.59142130613
2331,355941.9107295796
2332,389869.6857153084
2333,328228.47680586856
2334,290728.00003992673
2335,316966.58375323843
2336,317661.108937758
2337,197190.7695761947
2338,247407.19342440926
2339,209210.20568537526
2340,381720.01514883246
2341,197786.1310534943
2342,230718.7110054316
2343,223205.21982784383
2344,201395.764556773
2345,235000.200873157
2346,226886.80590385478
2347,220174.71388735808
2348,262345.69600288104
2349,224428.32207693905
2350,327437.9328390416
2351,311939.4938983638
2352,258267.27336055785
2353,252845.30338381138
2354,166825.28468741383
2355,149457.06007820833
2356,139048.6900441302
2357,200250.26742929313
2358,211690.43622075953
2359,116665.10354654305
2360,105373.67732408922
2361,156920.92050125636
2362,237646.4841409875
2363,136936.71085448936
2364,142192.35333176702
2365,209406.4741652403
2366,200773.83605221845
2367,222473.63629740197
2368,218618.98966805078
2369,224703.25053504948
2370,167707.27609845437
2371,157750.52852405608
2372,202943.2480881
2373,290323.98761725705
2374,312841.1517573204
2375,247461.6261946857
2376,260745.53168606013
2377,317895.28928895015
2378,152829.82299572416
2379,210302.28430082463
2380,138138.79992109817
2381,170152.0452687377
2382,201569.65259329602
2383,191608.0302755162
2384,226655.26479558926
2385,158533.62315867282
2386,136447.8651254736
2387,122559.74889483862
2388,102485.74818041455
2389,112003.20745145716
2390,154130.35758330394
2391,152086.25329009257
2392,116608.8924181778
2393,175798.50380659662
2394,159990.01539849956
2395,204951.38427559007
2396,119765.65588369034
2397,215633.14386145864
2398,115026.48883877322
2399,73803.6076839352
2400,36444.8899889281
2401,124765.15367114358
2402,142036.74712960888
2403,153372.66888343915
2404,147731.85786514264
2405,156849.15543297492
2406,139265.21000047773
2407,127208.34296388365
2408,147679.15041652415
2409,112472.74015561305
2410,172264.890875699
2411,113245.48198101204
2412,159453.83076210413
2413,125935.82942177076
2414,175683.6795593528
2415,133098.18997284677
2416,130777.6808028603
2417,137461.8790107323
2418,132863.87818121072
2419,128004.99847428314
2420,125439.3579098871
2421,153286.25155051798
2422,100657.32580322493
2423,130759.83816803247
2424,140923.92706460506
2425,183656.3470891798
2426,153068.27576265112
2427,127997.80881353933
2428,190653.04918566812
2429,102221.243150644
2430,134513.41002138238
2431,92612.41268184315
2432,169116.38892190345
2433,155136.56311272178
2434,143196.16859425884
2435,164821.8523940714
2436,112629.03650018666
2437,76953.75316141453
2438,107478.48514565267
2439,99416.48633078765
2440,127838.57153330278
2441,93906.18227640633
2442,79768.0886731809
2443,141527.707104275
2444,120450.801753317
2445,80234.69653884135
2446,140334.20594287757
2447,196052.59985679667
2448,128220.7520481199
2449,104316.89604883268
2450,154044.2238109447
2451,77610.30016031023
2452,191025.9751018174
2453,83058.05753485672
2454,121456.2708985703
2455,118870.54883216415
2456,167259.1705497112
2457,149266.19462565798
2458,137898.35668201093
2459,113801.56394494232
2460,137362.74216019176
2461,128287.40848816931
2462,127447.12703024969
2463,134211.5806298852
2464,185483.11129020527
2465,130730.6974872686
2466,115814.17500384711
2467,109758.1613054853
2468,107946.33020108845
2469,101474.20880712103
2470,221031.85468200408
2471,214567.7362964591
2472,156289.0445357114
2473,136442.6476156013
2474,135659.2959678201
2475,212586.2356243413
2476,109342.28199556004
2477,126952.66164511442
2478,148652.02446049917
2479,109344.56883489713
2480,174659.03439284395
2481,124210.58794487081
2482,113094.51087024342
2483,99954.75768381264
2484,118563.8142336309
2485,119498.39041841216
2486,159992.1672014119
2487,188626.28905857448
2488,160559.38600104488
2489,148489.56816681474
2490,143062.05457968824
2491,118674.31216412503
2492,191071.05508969445
2493,151500.48501444608
2494,150706.06248334143
2495,64734.550222625025
2496,219539.05124353897
2497,151572.55545440223
2498,98959.35197137762
2499,84747.06726779323
2500,112508.07616786752
2501,146328.59900870267
2502,161561.67023468204
2503,122066.48429855518
2504,209294.77702137548
2505,224852.40729320142
2506,246216.94357195962
2507,266874.906530045
2508,243427.45696702972
2509,215117.4587907847
2510,205968.1817628676
2511,172520.4583578622
2512,219386.37412182055
2513,220157.9923845604
2514,363342.2996746497
2515,170519.5194455441
2516,180770.78123714495
2517,153590.61976597458
2518,139915.18066899385
2519,261893.2349263588
2520,237950.37806005124
2521,186316.57341051102
2522,214730.9185871426
2523,101414.24438489415
2524,139040.95814533345
2525,163416.75230760686
2526,158961.45937609673
2527,118225.24728808831
2528,121836.00000187661
2529,156637.96839691978
2530,107239.20048503205
2531,258583.6067864569
2532,215818.21645225305
2533,191193.8594098827
2534,237086.534907897
2535,265004.58804282825
2536,244665.61700091977
2537,270213.5341914138
2538,189583.44939406775
2539,188041.4923047796
2540,185096.41762240604
2541,174212.3114702599
2542,165405.0046067452
2543,96909.72858378664
2544,117821.32217448764
2545,136103.22842416354
2546,121084.72462975606
2547,145331.88088480756
2548,171670.98783939052
2549,164288.29419815727
2550,488106.0861609001
2551,155769.76200706698
2552,127991.91206902359
2553,67266.64681679849
2554,89574.36282408983
2555,94460.50927176327
2556,76252.57536872197
2557,83104.50673032273
2558,164751.34916008357
2559,165648.55701401178
2560,165829.82121155225
2561,156747.04824508075
2562,167909.38171056006
2563,159546.59566032607
2564,190214.63561225962
2565,173758.64739644807
2566,168419.91169218626
2567,147910.81314878445
2568,220087.45253467
2569,262880.37360856216
2570,120072.89325352572
2571,217634.33435622882
2572,192919.1041637212
2573,240335.32978028152
2574,274282.40702662524
2575,142628.94821729232
2576,111266.27416124847
2577,108792.6076968154
2578,55637.93425781932
2579,12669.206474766135
2580,98501.42214497924
2581,121826.37182840612
2582,111975.06013038475
2583,294960.54124190286
2584,192727.07787794247
2585,182293.71107814647
2586,208791.8873391794
2587,200318.31436802447
2588,129781.90574635193
2589,140878.11631624866
2590,190514.95772255585
2591,205159.75085858535
2592,214834.74044941273
2593,251757.27737832535
2594,174811.7406772729
2595,210500.53678266145
2596,266873.3096150523
2597,191625.5755780954
2598,280134.4613967156
2599,359384.7844134243
2600,178237.9996870989
2601,117026.96855485998
2602,61880.459944653325
2603,103245.08938073087
2604,81231.40077154525
2605,75876.81297002174
2606,124969.45336439181
2607,193063.15854064375
2608,175648.80183217954
2609,148552.32566921692
2610,95351.33979071863
2611,185190.54409952182
2612,163341.5683700554
2613,113924.2865253305
2614,106369.64265661128
2615,158824.35706153978
2616,145300.6873492673
2617,187876.76158373244
2618,232228.32656994276
2619,213974.4162306683
2620,184197.16015883628
2621,177756.219666332
2622,170232.52411436941
2623,231373.37808767892
2624,296320.33303716406
2625,300912.4171239855
2626,167026.46303058136
2627,197824.67138830386
2628,474605.3423692817
2629,497796.84627113026
2630,399377.84694482666
2631,473397.7769782189
2632,419674.5335730752
2633,336080.7222527079
2634,447419.7001432078
2635,137087.1035500476
2636,158796.6663087746
2637,187504.83138100617
2638,265816.7339739837
2639,190244.03137213178
2640,157216.0673952382
2641,88252.49967230577
2642,174330.61871599033
2643,102775.51408390701
2644,112123.29907738138
2645,105394.41006947681
2646,85311.94321996532
2647,90803.68629833963
2648,136019.92964605242
2649,146638.20911489148
2650,129247.22726292163
2651,134099.9067515945
2652,375624.2245959686
2653,273936.2314898437
2654,284203.34631566424
2655,424159.2685416145
2656,337473.4724586699
2657,385072.5861895615
2658,332400.91428202484
2659,325737.07973721996
2660,372715.11306673754
2661,387204.7971864259
2662,401431.5378155466
2663,297219.83020724263
2664,314797.9152222909
2665,326485.39502019435
2666,304843.9101644149
2667,184612.6727073146
2668,189981.6986671295
2669,194608.3607154321
2670,261481.26360835508
2671,188382.2858280409
2672,200014.7608973803
2673,192718.70875801798
2674,188296.93388057407
2675,197238.27648169268
2676,188122.8031640416
2677,193699.73621029593
2678,225338.51596766338
2679,310331.0121720126
2680,321778.90774930734
2681,392918.16570736375
2682,314792.79671963584
2683,446065.46010753606
2684,331330.5121722724
2685,307532.0459780963
2686,248585.74284290522
2687,287984.7736098487
2688,220054.03995925095
2689,223408.2307127854
2690,379256.22021562885
2691,208634.21886508167
2692,162357.03188086115
2693,226141.78560855892
2694,133107.2422238374
2695,208902.4214208778
2696,196223.27632951736
2697,192993.3260359103
2698,224212.48888377286
2699,168790.99354844913
2700,149533.99793562945
2701,123177.57597949728
2702,79684.96409108583
2703,122872.31677086093
2704,148279.49566220306
2705,92964.6504575694
2706,61917.09373058472
2707,80361.11033701431
2708,141574.9926009383
2709,120654.45827233512
2710,134985.56310037617
2711,245989.87008682918
2712,382709.5347375041
2713,156307.95758084673
2714,141607.77051835135
2715,165258.99042133614
2716,125930.94957905635
2717,191363.05826109648
2718,214853.9507031031
2719,153429.89010338392
2720,184978.4543489134
2721,130142.49420673586
2722,158719.70702324435
2723,143095.12578616105
2724,124289.0301707983
2725,121795.88747406192
2726,143573.7779559344
2727,178674.7614662163
2728,187834.2894162964
2729,152260.24399283808
2730,150917.75204609055
2731,118322.74398154672
2732,145598.8499230016
2733,167153.4768753359
2734,116690.37001604866
2735,139538.69258726295
2736,137715.24334016908
2737,120967.09480590839
2738,127850.12319194898
2739,146545.40636046045
2740,140592.61807642132
2741,151045.05466363858
2742,147887.14382440224
2743,158217.76160542946
2744,167365.27957860194
2745,144804.05120407045
2746,145919.41187346727
2747,137263.42173238192
2748,109628.52966147568
2749,116587.373237269
2750,114769.46776052099
2751,134891.25616463926
2752,227476.16630690917
2753,151929.6463397285
2754,198737.23611117713
2755,145246.84114187676
2756,78601.41016353667
2757,67290.16226026975
2758,61255.73351352755
2759,162736.47154329903
2760,125503.1723784823
2761,130283.405024142
2762,135942.7179087503
2763,183645.0524318535
2764,144309.34314933512
2765,290211.3444375973
2766,95194.6552532129
2767,76238.74757229537
2768,140765.43678032886
2769,148220.9177179411
2770,145272.29991755262
2771,94535.79445633478
2772,105879.59993164428
2773,185565.32582319714
2774,163553.52866056468
2775,119658.43048163038
2776,145446.00946668908
2777,162126.78170551732
2778,96789.21281064767
2779,123931.7981227925
2780,98452.4278067816
2781,83328.12097796705
2782,89904.98116867151
2783,99420.50760464184
2784,128918.63807757571
2785,131431.6995932255
2786,26804.65431233775
2787,134646.78602071572
2788,57312.871650565416
2789,169972.27149545122
2790,85979.87431089487
2791,103817.89231447782
2792,90263.39323127642
2793,117912.57124905288
2794,94273.53019724507
2795,118921.27024270315
2796,99440.20513608959
2797,248743.99477064237
2798,131153.82203159854
2799,120749.62826883886
2800,58186.179527614266
2801,115859.20519865863
2802,142341.86724671815
2803,186342.18640012853
2804,137843.6054904787
2805,101903.87303633709
2806,66376.62624720391
2807,208293.68282463402
2808,152164.92639602628
2809,126449.11751430389
2810,133050.79775896017
2811,158496.36052699853
2812,191164.0430903416
2813,148342.70244823862
2814,157115.91788963787
2815,116592.37240983266
2816,178197.18356990162
2817,108059.07031124458
2818,127210.62649927009
2819,169887.06353822723
2820,129034.26530228183
2821,105096.66314546857
2822,196880.8358153766
2823,269897.28136968426
2824,177014.96367540024
2825,151380.52271686494
2826,134194.44299130794
2827,130116.54640094284
2828,230243.8747263467
2829,215469.58208003454
2830,249321.9239470726
2831,187019.04055890627
2832,239775.15192785114
2833,325829.0283765448
2834,247840.9930040054
2835,237077.65634111315
2836,193900.76935971715
2837,165965.98020808492
2838,150609.4868181087
2839,162178.98861361854
2840,215663.06284414604
2841,197556.8646201063
2842,224634.0760626914
2843,147164.81993949693
2844,186037.8806401193
2845,105087.41364578158
2846,202167.74500705302
2847,229530.77673159074
2848,195842.51406166144
2849,193469.52466830984
2850,255783.56580094062
2851,203190.71276789997
2852,227827.16368187126
2853,221952.62132748123
2854,131971.98700935487
2855,204720.10147292167
2856,201089.34602403548
2857,192200.01749634184
2858,209535.3027366288
2859,91123.36486875452
2860,137220.25046499167
2861,124669.08707621787
2862,190952.45945211593
2863,142001.984260601
2864,251582.55643532984
2865,170747.8727100836
2866,129367.38452736288
2867,92249.9222172508
2868,108860.11499675643
2869,91483.43277704995
2870,125797.83756653033
2871,63135.71281840373
2872,12899.819258362986
2873,88160.64070295729
2874,156099.18818049505
2875,130774.2548175836
2876,154355.54437831137
2877,148233.25865404308
2878,155407.42518419307
2879,153371.74177010264
2880,107973.76383182686
2881,140663.53078198805
2882,207428.4337110622
2883,224970.3311300734
2884,218057.15363460965
2885,187598.54005543794
2886,256413.2062474629
2887,116450.28582024202
2888,152666.20505204424
2889,24600.89639726747
2890,61626.83650358766
2891,155529.98929631058
2892,7790.087992781773
2893,112294.41411537305
2894,-9868.358075555414
2895,352506.3863507807
2896,287974.6576344613
2897,231573.16015809122
2898,143766.1939617591
2899,210624.08472907357
2900,171691.94541498553
2901,180866.79640427232
2902,157740.33174203802
2903,304531.3056176966
2904,362869.35347443447
2905,46636.850073752925
2906,214290.71367226075
2907,99354.47747903597
2908,109711.70221579075
2909,147085.4090022538
2910,82748.79642684851
2911,57959.25292303134
2912,145525.3279041294
2913,54521.036770305596
2914,58663.76948657259
2915,77957.55697243009
2916,62319.143922179006
2917,174394.28263203893
2918,112198.25656028278
2919,221320.22206196655
