ID,SalePrice
1461,117112.36752336127
1462,159256.63187016916
1463,186443.92085896467
1464,196394.17128809815
1465,199919.0023287436
1466,172680.79011665765
1467,178697.72284169422
1468,163024.39039882272
1469,215248.60461718214
1470,118556.16160976449
1471,190944.98837930625
1472,98165.60256497547
1473,96853.74928142273
1474,145356.48021539915
1475,108324.37041187771
1476,345622.0762547968
1477,263510.69956530613
1478,291363.9845282818
1479,283419.54579731455
1480,442382.5534673115
1481,338736.55614554626
1482,228936.6844010501
1483,181552.6401363193
1484,162027.3962299268
1485,194474.65128371635
1486,198687.9917126809
1487,325327.46625617763
1488,237004.78141378425
1489,195596.6466154927
1490,227657.20377077634
1491,193901.30522846195
1492,89529.8869571482
1493,194930.53948297643
1494,298429.43730902945
1495,291756.30169526464
1496,226745.95805919508
1497,180750.6977093833
1498,165904.50752450427
1499,161444.32612275775
1500,153204.34986079123
1501,169760.5726000274
1502,147781.4748324474
1503,279644.1116188083
1504,243218.75913060477
1505,224213.43164673046
1506,195123.17042260492
1507,243018.5078177221
1508,208503.8075698263
1509,160566.12430394738
1510,143244.42344731832
1511,148272.34830573722
1512,171310.18968739855
1513,141607.797436359
1514,165586.45861659848
1515,194788.1723487317
1516,159455.21278781584
1517,181589.05139715833
1518,134160.36767002672
1519,212443.65301342998
1520,128307.63450140442
1521,132988.8774438931
1522,179234.02947965034
1523,109962.23213534178
1524,126082.98152722523
1525,117932.38362216845
1526,115632.6947808674
1527,106093.80901663759
1528,142960.6970172482
1529,146089.6352899502
1530,192025.32891016026
1531,104982.42813526888
1532,97760.59629038755
1533,149481.5777156145
1534,128586.17831114857
1535,154643.69164199592
1536,112885.59618322378
1537,68400.45920681275
1538,150071.3449117341
1539,204911.87084443867
1540,88784.8365700993
1541,151275.06343742134
1542,137467.70855270838
1543,192777.24158332217
1544,85785.3596664878
1545,119075.9181014483
1546,135592.09241946004
1547,130350.66179446799
1548,140802.4932937415
1549,122544.49134136982
1550,137668.0887341937
1551,115210.34339768381
1552,126217.65394431273
1553,147468.53392446082
1554,115214.08024873717
1555,161427.26917947954
1556,87056.29773209989
1557,109931.25339388395
1558,100913.35829262694
1559,97537.28531990157
1560,128682.04141069668
1561,122527.70266026013
1562,130419.38898053567
1563,117769.64426568332
1564,164765.77835406424
1565,151486.50228326296
1566,252416.83063430045
1567,77193.88196367232
1568,227134.01269553098
1569,134582.21825778153
1570,144074.96220033013
1571,119555.03308652477
1572,146023.91009691224
1573,236518.84381152215
1574,123640.72613886796
1575,235021.122233434
1576,244295.0876497542
1577,185635.9141359874
1578,151402.36450081298
1579,149014.6856049475
1580,198566.50618159064
1581,156318.0994505792
1582,120814.86454989949
1583,289778.9400650748
1584,215278.63123181846
1585,134698.3636835194
1586,62385.78363377801
1587,106806.98811014836
1588,149669.6338568883
1589,98638.53504366039
1590,136932.94139920446
1591,92731.68143791624
1592,120336.7721384284
1593,119491.5714322714
1594,123754.39690848306
1595,116625.66313212454
1596,229662.2525916789
1597,193475.17416634056
1598,235110.0964536822
1599,174301.72889467608
1600,169436.32624267542
1601,61278.205679394254
1602,117187.02467977503
1603,70729.2003003912
1604,275648.89528852084
1605,247886.65571555521
1606,173622.77641773733
1607,187251.13785962522
1608,221166.36030822687
1609,185536.60957986658
1610,150620.2635046068
1611,143122.09564427432
1612,168635.8138198872
1613,165116.87911613425
1614,126072.99503745671
1615,91891.36026111199
1616,79016.98670989837
1617,91490.04692457702
1618,125875.0570287251
1619,134783.73443843954
1620,175379.5547918773
1621,140877.4752776715
1622,140890.2004129535
1623,270867.0974545272
1624,216062.11536322502
1625,124023.23127352475
1626,174855.69963520524
1627,191306.23958601008
1628,294812.9391428
1629,189313.77304495015
1630,327629.224039576
1631,228142.28003531756
1632,247884.84676146662
1633,179931.24048824175
1634,189713.45111057893
1635,178365.4222061769
1636,152942.8228686554
1637,192378.08245205064
1638,181735.90028719167
1639,190438.5598523934
1640,257782.08166781018
1641,190587.0316927632
1642,229770.07049002306
1643,218273.16715021132
1644,240210.83073229584
1645,197304.19029229903
1646,159580.41216750606
1647,172616.96956468312
1648,129679.66850406096
1649,138226.3237645362
1650,108715.34003291042
1651,123579.00715120767
1652,100192.51839165928
1653,100662.16091806993
1654,143602.83382078266
1655,139518.90363557643
1656,141487.60953460587
1657,145470.45322941948
1658,145219.22195997034
1659,116380.83259644595
1660,155241.4443458634
1661,415149.9072983727
1662,379077.1357693528
1663,352472.4999226068
1664,477282.1347267933
1665,293105.413777527
1666,338024.4693026494
1667,356704.40564856865
1668,324642.67613664875
1669,299008.74996585783
1670,326201.5264463906
1671,260004.8350838876
1672,381149.8800995845
1673,300751.78072280495
1674,254711.033864462
1675,203996.36746890962
1676,202751.4831263532
1677,231767.97007565515
1678,437137.90306401026
1679,365127.4394818875
1680,318223.9237251332
1681,238390.42817452573
1682,317264.72110260214
1683,192750.38049724296
1684,177439.77905696727
1685,171807.46618157488
1686,170288.79154182694
1687,174158.16357846386
1688,193774.4200035204
1689,193433.7045619846
1690,198339.242879368
1691,187647.0550898071
1692,266845.8696754198
1693,175502.18951393975
1694,182688.6516729105
1695,166229.69221972564
1696,268211.026789961
1697,170615.7241482534
1698,342048.9343566769
1699,305507.9299628282
1700,249912.13996577563
1701,277441.59966991434
1702,249501.6546268371
1703,243642.5878883935
1704,276525.74180076696
1705,239864.23439350573
1706,392380.68348695233
1707,210723.22463538297
1708,198467.07017325767
1709,270167.2175183914
1710,228128.31324046527
1711,273142.34498049086
1712,254951.57792285178
1713,254562.1368343329
1714,225703.6816550866
1715,210534.40566322618
1716,178983.48826223108
1717,177834.59902277583
1718,139678.7992264637
1719,215655.73010961286
1720,249481.15374995116
1721,166451.07489130012
1722,129689.2293960828
1723,156851.4313476252
1724,204866.90058124933
1725,237576.35789883387
1726,186085.2020734529
1727,160712.5097418226
1728,178606.41988069387
1729,167942.57388778467
1730,161166.13612292084
1731,124165.23371537484
1732,121306.15279402194
1733,116428.46434524484
1734,131909.87118755322
1735,126145.59540415011
1736,108662.52543616295
1737,283889.6431329054
1738,251963.92125048937
1739,230311.6937397467
1740,213253.70980077772
1741,187351.31564117756
1742,169553.5247359646
1743,179688.32250915514
1744,288310.2567533187
1745,219058.31257928791
1746,194846.07422122112
1747,224657.7156349759
1748,220696.25579926893
1749,148215.92551475437
1750,133182.9162426406
1751,254912.844023319
1752,114492.09095669769
1753,151003.80304486532
1754,202297.55700155988
1755,173967.65132818892
1756,124658.27770909961
1757,117444.45819785447
1758,141566.72363313558
1759,166008.80460566224
1760,165683.94130900688
1761,151838.71674390096
1762,173189.94605308023
1763,195425.15427179422
1764,115834.96208594758
1765,172294.68947931973
1766,183444.6464997744
1767,224237.05415036657
1768,138699.4707490105
1769,178843.70376920325
1770,151548.36420871105
1771,126317.49681098458
1772,137041.53746615758
1773,119365.62425133456
1774,147254.4441740572
1775,141657.83536773274
1776,124496.58485635504
1777,104163.46240434732
1778,140409.08387598526
1779,115088.14555347804
1780,185189.91700400013
1781,127936.93287061698
1782,84296.56285912337
1783,143479.53796078134
1784,104476.92316424177
1785,118432.95341523961
1786,130862.13182390787
1787,169221.62288133043
1788,57898.95731034062
1789,99545.72043616993
1790,80861.89579107029
1791,187714.0646220591
1792,167028.3091168021
1793,143121.43286140673
1794,154885.9445420895
1795,139569.01454362145
1796,122893.57077331096
1797,120942.49201556954
1798,120850.77500020244
1799,109133.98562915578
1800,129138.03039390493
1801,129320.3986052515
1802,138996.46647685653
1803,149333.66918908656
1804,144413.96310745354
1805,135953.15030250218
1806,128387.12745452342
1807,133497.01046232888
1808,124697.12538855187
1809,119317.38395506584
1810,133519.79911040657
1811,91672.93326283181
1812,101419.61927416752
1813,125885.60861912028
1814,97280.30113447532
1815,51766.24548427309
1816,98035.10467940515
1817,110948.05126724008
1818,149132.9004521735
1819,121656.5830446005
1820,65767.8959485853
1821,107679.871210914
1822,150732.55838060408
1823,49037.45697797542
1824,129276.55020661817
1825,133611.78703148224
1826,108420.40105392826
1827,103548.36985277475
1828,136498.58374476532
1829,129612.62697266841
1830,145150.73793719927
1831,153098.50356197698
1832,83020.452990368
1833,138039.67541917984
1834,120133.62014232916
1835,132525.1438790902
1836,118991.62964815368
1837,79144.37838355095
1838,127894.7093904804
1839,91994.18428271705
1840,150106.93513128502
1841,143118.5966539839
1842,91676.64813105745
1843,135458.57587998765
1844,145219.03281940424
1845,140410.12830110145
1846,157454.35228721538
1847,162768.19170680648
1848,52865.33858395557
1849,109497.49467584358
1850,119278.80350841166
1851,154701.3266285522
1852,120263.44367609175
1853,126296.40166840145
1854,169964.45518249812
1855,163389.82349569202
1856,224290.79330985757
1857,146185.59389841423
1858,134847.0276051034
1859,114368.90944362312
1860,135751.26330230193
1861,113557.95632578965
1862,302868.7595027118
1863,282985.44347692217
1864,283102.50455951167
1865,335128.57391518523
1866,317378.75301753514
1867,224141.64614561942
1868,282027.5486697707
1869,202079.64731390748
1870,224091.25195627846
1871,264783.3265802803
1872,172500.56946872076
1873,244505.17178683475
1874,152662.4776407241
1875,210558.75680179746
1876,198539.53941627318
1877,212383.51246361318
1878,203160.0243292592
1879,130633.08380835477
1880,130242.86708577041
1881,244311.78487142033
1882,247796.90014487164
1883,188201.63063854462
1884,204334.35267814616
1885,251943.227308606
1886,285630.1896550344
1887,214610.86076771904
1888,264143.9934858968
1889,171630.32377500442
1890,121017.5344876362
1891,116779.56920698711
1892,97177.0491860015
1893,133811.35427424219
1894,128091.0209117542
1895,138438.3546376013
1896,123385.61528894659
1897,112731.012436693
1898,114358.34954739865
1899,159365.2975561242
1900,155787.72694001326
1901,164647.1099611799
1902,156796.682383557
1903,207234.9437090477
1904,142739.82769414963
1905,209250.71282426434
1906,159024.02467854173
1907,222769.36189162894
1908,105076.25898292853
1909,126800.31712643788
1910,114805.69209884408
1911,231531.85874606774
1912,329185.39102669293
1913,133062.66903668127
1914,65935.8122903577
1915,292642.34019608237
1916,54056.852630879024
1917,254654.06274978793
1918,139243.17827907993
1919,184639.573670076
1920,164503.42633428908
1921,350229.29166975524
1922,303355.1895986778
1923,233891.4525568712
1924,238099.51700578252
1925,194018.86671055894
1926,349507.25822457613
1927,135333.9965580351
1928,167058.87782924715
1929,124427.28452589548
1930,131380.760702641
1931,140538.92506413307
1932,141656.11509994083
1933,186668.51592195936
1934,185559.43312228008
1935,174596.00248683162
1936,200017.82734156182
1937,188863.4444403292
1938,175949.0549869675
1939,245706.54038148714
1940,191938.62722585158
1941,168853.55261796873
1942,188838.498201253
1943,225053.43558894627
1944,349418.180769646
1945,357830.01843980706
1946,158928.47760799906
1947,303625.1779766234
1948,177190.67815082122
1949,232601.88793023647
1950,194878.91720038594
1951,255177.96104517402
1952,219117.43556743753
1953,174502.81894648858
1954,188589.06465427982
1955,137857.26010930486
1956,299798.4729312656
1957,160531.9312235188
1958,287801.2699742861
1959,141758.04694046307
1960,110636.7779722355
1961,115963.95625470497
1962,99676.08602936998
1963,106432.80064992978
1964,107164.91314899285
1965,140998.07308470056
1966,138332.45905434893
1967,300563.00492422713
1968,394456.28582865535
1969,359279.07605269033
1970,394483.02152846724
1971,464052.1243429727
1972,360902.1163628833
1973,280105.78975955356
1974,322127.9593577047
1975,462668.9162809433
1976,273772.04471218394
1977,343117.2087193468
1978,354209.22230147436
1979,325120.1432592604
1980,221101.5689785913
1981,329157.85750389344
1982,228017.15550061312
1983,216204.57934453242
1984,181521.55602524217
1985,225717.37551032234
1986,204957.9423885149
1987,186584.10608582795
1988,171067.1015191984
1989,195528.56341958375
1990,208153.57259249245
1991,240469.30198806486
1992,216777.95445183275
1993,168648.19360936392
1994,239010.96306616807
1995,187846.95581462182
1996,246178.07394978328
1997,300581.0442893472
1998,306762.4575034572
1999,269435.6371732546
2000,304913.8129764836
2001,270686.037389998
2002,239429.0295498632
2003,262468.29418273683
2004,285583.1493877094
2005,228606.68432208453
2006,228608.5235745649
2007,247044.4999749114
2008,215139.50754176048
2009,195240.13082666163
2010,193580.97844266682
2011,148948.70056254472
2012,172519.79915342698
2013,177830.46197050827
2014,184656.86523128848
2015,211263.77310000992
2016,190268.81109379345
2017,197567.46564572153
2018,121064.86910898749
2019,131074.69123073458
2020,110733.47352333434
2021,100203.01707214149
2022,187219.44436763143
2023,148067.88191989204
2024,257242.6415031246
2025,355705.13222191646
2026,175076.02822683178
2027,154998.10872770654
2028,151141.4988681232
2029,168078.26462143153
2030,253890.8642072715
2031,233003.42028454843
2032,242028.5117705342
2033,244167.86305689832
2034,170746.79919466263
2035,227955.55783208122
2036,201652.14523046825
2037,208227.67771436862
2038,325317.37617573945
2039,244555.12214059883
2040,277858.7815659942
2041,274653.16372894496
2042,205333.42632042555
2043,181087.80992414113
2044,179627.10358831883
2045,219706.85569524672
2046,144516.29705222617
2047,141071.26103812316
2048,138952.441227196
2049,149313.44597412326
2050,177814.01497127835
2051,98416.27253668621
2052,122644.24784993118
2053,148172.7408734806
2054,87865.65298588428
2055,149985.36610249482
2056,143855.53899762823
2057,113642.72751658488
2058,216539.20573759827
2059,131846.63083058494
2060,172698.40581453417
2061,170759.1632106234
2062,128973.74998523136
2063,113940.48488084976
2064,136122.77951134078
2065,115328.89602502924
2066,169007.47279855836
2067,114441.88927654784
2068,151804.7954498527
2069,80596.85922271998
2070,113417.0060612446
2071,92794.00244264388
2072,141477.07235394308
2073,131751.69680985273
2074,191574.7974144972
2075,158916.48189881473
2076,115143.50184893525
2077,152722.06446342188
2078,126934.86561780052
2079,137991.04101867083
2080,116987.69141251632
2081,129434.91101557997
2082,122746.42008699932
2083,146361.7544836862
2084,105262.33706491694
2085,116487.90742571867
2086,116690.34321997725
2087,127851.40824329057
2088,102288.38253310103
2089,77319.21673723237
2090,130469.00424018205
2091,106043.02553415763
2092,117803.81447023187
2093,114931.69082561499
2094,113739.22847560448
2095,142262.82327420445
2096,79563.09306926581
2097,98169.36158227437
2098,147914.59979962447
2099,50101.58589639278
2100,89975.92128222818
2101,112093.34738513833
2102,132031.1067372504
2103,101880.0663133785
2104,142138.11875621695
2105,121438.35269450398
2106,73979.0043326697
2107,198263.60659857097
2108,115878.97581158765
2109,108605.63520740386
2110,142313.0614479307
2111,145940.57411100407
2112,142552.58772520113
2113,123848.45704930252
2114,119877.11333109296
2115,167513.76434514218
2116,116098.73882764124
2117,162367.08364007942
2118,122725.69302414791
2119,117098.99523577659
2120,121586.77139159021
2121,105250.23716940264
2122,114228.95197248887
2123,78610.03481007529
2124,165308.4897391582
2125,133181.20875755555
2126,157232.7048795091
2127,168284.251753208
2128,121456.2016184418
2129,78970.73386914683
2130,124520.59602204524
2131,133552.94769041424
2132,113058.81796815012
2133,119008.88503046845
2134,116981.68476184297
2135,87090.38359742571
2136,70207.37763759855
2137,105465.7012101133
2138,128976.78135077863
2139,154947.29728810766
2140,138295.18460174272
2141,161908.28198700765
2142,127565.85641368483
2143,144792.35181242053
2144,130122.93853810035
2145,136869.97654587476
2146,172266.31594503456
2147,143808.53524519506
2148,141172.8280498101
2149,145047.88350706582
2150,238468.4767518245
2151,119367.6626794144
2152,181263.93723906702
2153,156418.44236252818
2154,110662.08877192975
2155,143976.654558597
2156,250795.3210153239
2157,227427.35775341414
2158,237502.2869031955
2159,208448.03705032493
2160,190451.48479385086
2161,239410.4916830074
2162,370029.8209216477
2163,331218.8038303784
2164,257575.9492634584
2165,197774.3761960334
2166,153791.77588867347
2167,222774.42743594912
2168,198609.34585989683
2169,198299.69768330848
2170,222014.05574837778
2171,146020.02304077055
2172,133403.34135362555
2173,164481.43631746116
2174,222596.01028840643
2175,297988.79885359074
2176,305177.01135524496
2177,237575.22473577943
2178,215311.02626323292
2179,134630.2166594503
2180,209248.49530545075
2181,202037.02509400906
2182,229317.66891916053
2183,195199.91808894335
2184,119839.03094853823
2185,127889.62630477018
2186,153058.76625423817
2187,154426.70910046334
2188,159677.04896384888
2189,277403.64107437857
2190,77984.8571988882
2191,79514.40990443096
2192,88999.59732818403
2193,108691.06115440311
2194,105357.16638762323
2195,106086.40717863372
2196,96518.99890626509
2197,117274.12608058167
2198,152399.82251829535
2199,172475.56031696394
2200,153636.95821007306
2201,152039.69560551073
2202,216182.50758010105
2203,142999.23096557695
2204,174979.82697627644
2205,126104.90644322115
2206,141479.20335777002
2207,216516.31646701953
2208,270459.76070778177
2209,247486.0533710159
2210,115084.56303636178
2211,111816.59137227041
2212,116326.9909276834
2213,99404.16295033577
2214,124301.50434664692
2215,93710.88615479942
2216,143492.71170302387
2217,60782.60695498432
2218,83983.18350964994
2219,80354.67794274681
2220,71746.31739175023
2221,293649.72877817205
2222,266248.97600428207
2223,277437.40558421926
2224,207983.3172096538
2225,126750.0449603664
2226,177317.0762971247
2227,190757.85081419168
2228,271859.08693107666
2229,259458.10673050978
2230,149795.59401340297
2231,214725.00835579552
2232,175854.35415831176
2233,185659.0156269198
2234,237260.44750890974
2235,209751.18922858703
2236,257936.59840863934
2237,298267.1049302408
2238,191951.5854712482
2239,114187.85959965768
2240,154655.4713984453
2241,150948.4339673801
2242,122684.93534985062
2243,129131.15260464566
2244,104082.33213100924
2245,100869.5898113021
2246,143409.6732842496
2247,114736.53999754044
2248,119761.60579434923
2249,119258.05776748051
2250,127610.10593775315
2251,124221.45675166855
2252,182855.54049495366
2253,155012.2305412898
2254,181142.85093783936
2255,185621.60323664415
2256,179099.0934416796
2257,204591.3195519807
2258,163339.63154715908
2259,173431.91586192913
2260,135254.79215187242
2261,204049.50839052754
2262,220662.1153633934
2263,348068.41139068163
2264,487616.0601531736
2265,178593.3048800606
2266,293895.72680795065
2267,348418.0343693321
2268,409234.16113413416
2269,155787.70964148804
2270,199015.279485501
2271,221202.4642392691
2272,199642.02633614826
2273,161753.52262763638
2274,180320.52721298145
2275,172088.88007240897
2276,207551.19723159182
2277,189087.51564278489
2278,143870.10416864615
2279,121901.63418475252
2280,119968.56757257992
2281,159670.4861430754
2282,186228.82266948794
2283,108947.32336266016
2284,108748.28309808638
2285,142308.398107205
2286,121589.28801542417
2287,365569.77175129246
2288,285162.8124002914
2289,378231.6701381105
2290,435961.8268966581
2291,316435.1126978182
2292,424752.7270502971
2293,454344.402813594
2294,382107.2425826516
2295,458498.07323972
2296,296099.0854601957
2297,346636.43840195896
2298,331223.9536171769
2299,331777.7012249659
2300,326496.8461658503
2301,303631.7510088264
2302,253262.12315184675
2303,255559.94658912715
2304,269837.39355323405
2305,205007.91214932784
2306,195530.67299888865
2307,205569.09729085793
2308,237137.80744580724
2309,274692.2163829452
2310,226359.85102254403
2311,210572.55874981894
2312,178797.48894002507
2313,170111.33769637748
2314,185973.39055142886
2315,180264.6670392737
2316,199495.0344500846
2317,191846.6892530382
2318,182132.7739623791
2319,188086.42556163677
2320,185525.0512315411
2321,238591.14552471365
2322,178568.52115910067
2323,200252.456065973
2324,179424.50840966657
2325,220938.70412774174
2326,177613.08821187136
2327,203370.84379892692
2328,225201.43505671414
2329,194046.62261290656
2330,179250.32840498746
2331,336546.6391113155
2332,389086.70991203206
2333,315392.9742245808
2334,254505.0455722172
2335,281328.88106701546
2336,304971.03003558243
2337,198462.0838642117
2338,266488.4519876379
2339,221444.27244895557
2340,371986.654805338
2341,220400.87153286953
2342,235439.5541654735
2343,226080.5561043149
2344,205980.9666223217
2345,239727.47291765094
2346,223425.43788725886
2347,200993.0170536324
2348,249707.3216930952
2349,177339.80542339256
2350,296366.601325961
2351,245611.38450043555
2352,251300.26442470166
2353,232126.26237389853
2354,143604.77187791604
2355,150083.27211280787
2356,152630.7448780067
2357,188105.57329068432
2358,194906.63922644863
2359,136906.29640757994
2360,113300.58865929279
2361,144227.82336368997
2362,270361.88274610054
2363,143958.92480276123
2364,158669.29174258502
2365,218696.19676297499
2366,199719.48231365994
2367,231782.05603814282
2368,212072.6635257174
2369,224513.71301047923
2370,166242.979383601
2371,163349.3384329006
2372,188876.90687800737
2373,275808.8666140108
2374,309839.64182163967
2375,259688.21442586236
2376,263900.3608251809
2377,346957.0681483532
2378,138572.82159782958
2379,203942.5205440682
2380,150031.56513656376
2381,172359.2829233384
2382,209704.17593023457
2383,200144.23181475888
2384,237614.19043605635
2385,165034.94256580266
2386,135846.56444513
2387,132367.75004609022
2388,100440.86255463287
2389,119117.75702664306
2390,142356.8906141315
2391,142510.96476379517
2392,112924.59546410148
2393,166909.98835553112
2394,150619.8105016098
2395,209888.68814842516
2396,147566.17627167868
2397,227321.36662309014
2398,133271.7332685241
2399,67718.2223415122
2400,63976.74438320135
2401,112334.19651196017
2402,133396.47181294975
2403,145988.81739553763
2404,148604.17173088802
2405,159150.58297632248
2406,140364.74557618864
2407,123399.10957831277
2408,147814.82996902888
2409,121963.72728272923
2410,172838.1364305014
2411,113248.2627590542
2412,150636.12069406474
2413,130152.51893055679
2414,148655.91226871315
2415,137366.1124632176
2416,125725.50675849468
2417,134790.54639771287
2418,129651.57992248796
2419,127630.52825796508
2420,120685.49544726778
2421,140850.03867812906
2422,111415.72167550225
2423,122220.68878682752
2424,155810.4014223186
2425,208962.58484241675
2426,128686.44234308037
2427,124544.15694127927
2428,188918.96720496198
2429,112428.73890880765
2430,133985.79398704247
2431,108816.10727309588
2432,147509.69719598602
2433,141773.64707682756
2434,136737.92816602674
2435,155941.42928472313
2436,98966.51895251866
2437,107055.91583176026
2438,121973.76270151867
2439,107395.83985651162
2440,125183.80997263674
2441,97469.5209582726
2442,94827.61530401531
2443,118389.19131018683
2444,135902.41714541355
2445,91770.52881424918
2446,131987.80083142323
2447,184518.25069665178
2448,130690.24862256752
2449,111579.80128548763
2450,156545.64775025798
2451,121457.58537342628
2452,193133.65625928182
2453,88956.55856082893
2454,117797.00898273055
2455,120529.95798385254
2456,136875.3853184164
2457,133886.83722919764
2458,128843.46600912017
2459,108953.60736882439
2460,146087.76462189158
2461,126881.82368394619
2462,136282.29661765095
2463,125349.67368171133
2464,173098.4917127733
2465,145431.3164151694
2466,116890.2403141841
2467,136043.6263508023
2468,88009.30716661096
2469,85961.98508981925
2470,184116.02827089865
2471,196221.0517893628
2472,161142.71025012733
2473,108182.90836807452
2474,94417.09208964738
2475,216697.8543173871
2476,112246.37859155446
2477,126823.23022902757
2478,155232.46006302332
2479,106301.8909560685
2480,166057.91609178064
2481,122389.23571827667
2482,125319.44338568723
2483,111945.3798938984
2484,121781.26513390229
2485,122089.89656321499
2486,158035.75831928747
2487,163725.364222801
2488,163826.97465955056
2489,155745.02971444826
2490,143656.7051563282
2491,89047.60860866003
2492,194654.95673001203
2493,157219.66404119006
2494,146989.76052224438
2495,88292.60140820354
2496,232413.36739914253
2497,154151.1835662724
2498,104497.51016574222
2499,81865.08794760762
2500,125088.36961589876
2501,137084.3320641017
2502,145891.2199197884
2503,99030.94075408913
2504,175368.94416145765
2505,221846.84886465935
2506,254952.40965382665
2507,285338.02499777084
2508,256738.44841724844
2509,220447.23074610153
2510,223486.4640434517
2511,173693.21348249956
2512,210893.7030168417
2513,227563.8116751076
2514,265849.6351232268
2515,150125.0448363107
2516,173764.2337934033
2517,145739.16691682945
2518,153506.38494260272
2519,242044.47625789358
2520,220763.102314818
2521,187450.51461294512
2522,222585.8891022079
2523,115362.28144631436
2524,137014.455375807
2525,147575.03755900403
2526,139193.03135894766
2527,119549.60928023145
2528,122720.42926812374
2529,127311.16611333261
2530,118910.27479878177
2531,259491.7442395568
2532,225558.36704700664
2533,190514.70830703285
2534,245189.33950005053
2535,290723.93949378864
2536,232584.94070278347
2537,249785.1656938086
2538,185520.33035153005
2539,189338.84285853902
2540,181551.07767450012
2541,182065.38967690224
2542,158501.396097637
2543,127347.71290560003
2544,122044.25745336823
2545,139990.74023898947
2546,128446.578161116
2547,138927.35200950952
2548,156004.43779620074
2549,161330.78905691174
2550,712865.3212027408
2551,144662.29995515928
2552,127959.9911093256
2553,74477.82897102645
2554,93902.09799669328
2555,119581.11218069619
2556,96625.39374951112
2557,100870.54860216098
2558,129154.56501288369
2559,147831.33532538378
2560,160118.80010961872
2561,146971.17622956855
2562,139585.45914495396
2563,150352.80740794697
2564,201083.9232120342
2565,136258.49500234606
2566,160876.5391383129
2567,145075.4514896872
2568,210795.58842528
2569,225131.32071938636
2570,114066.96908417088
2571,195651.99306636828
2572,161665.4470451743
2573,238368.0853132996
2574,287395.3728801903
2575,127862.97720240061
2576,115293.68164344209
2577,123027.87430982567
2578,80848.08782924239
2579,52868.53194735824
2580,103758.0804802222
2581,112787.36034460062
2582,112466.54090921284
2583,310151.2270396924
2584,189722.66823213059
2585,186277.1115593475
2586,227357.47600401373
2587,206007.24042709367
2588,156796.90990454855
2589,151071.0268150786
2590,198143.51213681378
2591,220488.62503648727
2592,213984.73724750505
2593,259780.10680455522
2594,189221.36200269568
2595,201995.1291479026
2596,278170.92205799365
2597,180962.1393010119
2598,289823.7536836014
2599,337467.453368606
2600,147097.89668707407
2601,140711.0935053233
2602,85010.67026503297
2603,90598.02336884456
2604,86686.97575491769
2605,80403.20073010682
2606,145136.1588355312
2607,203581.9609043977
2608,186509.75458329218
2609,164100.08990278313
2610,109951.02995749851
2611,127004.52443719872
2612,160156.1519240089
2613,125329.98758558305
2614,121030.2719027264
2615,160187.52435102584
2616,142248.90203668384
2617,188439.1398169017
2618,201590.05651098132
2619,202298.23486187783
2620,185744.42264875214
2621,175878.9915787892
2622,182810.6646242129
2623,240738.2312789229
2624,302954.55891386373
2625,291230.6895508991
2626,172413.5635917466
2627,165540.558906015
2628,446896.5378748316
2629,477184.2781811517
2630,381284.14138364326
2631,445732.4350241598
2632,373983.24382452195
2633,306468.4899858112
2634,390000.44384748425
2635,158484.1752692142
2636,180259.06178722694
2637,186150.60994978185
2638,262654.5559155776
2639,189990.9819471598
2640,150414.12820002524
2641,102585.76372461522
2642,187769.91174261385
2643,106384.33581743776
2644,118878.60877815945
2645,109501.31928172684
2646,96998.834310028
2647,106307.83440755804
2648,147877.33000657154
2649,149052.08710085048
2650,138329.01864224745
2651,140280.280913784
2652,402478.4181175094
2653,260752.12745582513
2654,263212.4750730335
2655,375411.5061592132
2656,316671.06369258557
2657,336007.77964651736
2658,292589.1375886624
2659,321442.9122032668
2660,349968.75451928796
2661,365323.3474626771
2662,347214.57718107995
2663,301078.3234491883
2664,264791.9647478555
2665,315290.16718936444
2666,290019.4592689267
2667,172661.07657863267
2668,182504.0040363097
2669,185175.29578260242
2670,276784.2853767022
2671,188335.17125583964
2672,195280.96121729095
2673,194184.78058922684
2674,190690.1582896456
2675,179545.47996347974
2676,191766.5588744663
2677,197669.20551554428
2678,252157.18324287454
2679,275480.9112571862
2680,292658.36597289535
2681,358100.5736177013
2682,301499.15052898345
2683,458491.1827307059
2684,321645.4586911516
2685,321433.4133160714
2686,261610.82686785999
2687,302210.588295656
2688,221744.29259698963
2689,217825.1973246049
2690,385916.1023815739
2691,185849.06440765146
2692,147964.58937731152
2693,204551.46157028346
2694,147136.45173046048
2695,188599.82175841797
2696,180871.01686428918
2697,181498.2842758889
2698,184186.3682752201
2699,180539.36765168855
2700,163421.61483510412
2701,152278.06982769273
2702,113458.90970017783
2703,131103.54157342794
2704,141675.87216967487
2705,116334.81533995528
2706,110754.86926927646
2707,122111.26248600948
2708,131722.02176230057
2709,102816.09290264324
2710,126318.97485838791
2711,242963.1894133072
2712,361607.801374963
2713,166302.98754549059
2714,147136.29023149473
2715,166479.7370727616
2716,146564.67163212973
2717,194288.0358071938
2718,218377.86152166023
2719,144948.20052027222
2720,175918.58172130727
2721,130066.76934956881
2722,158139.94139578135
2723,143498.8159910928
2724,125207.55057494737
2725,128070.4355991066
2726,149704.75295795148
2727,185638.5932662329
2728,177437.30865982352
2729,148893.79650043897
2730,145975.54562059752
2731,122598.26357912325
2732,129068.12217099375
2733,156432.1985571428
2734,137917.70181372826
2735,133598.8605882925
2736,137188.45870941333
2737,117780.51275045918
2738,140278.71078243948
2739,159949.5149312814
2740,134145.91011146927
2741,149176.46502707744
2742,151907.31798427773
2743,150758.53096934804
2744,156773.05326625018
2745,140178.07660345503
2746,135212.20828535745
2747,139321.7587261751
2748,117294.45478188297
2749,125988.79857170711
2750,134337.83805064202
2751,129205.06994169921
2752,199473.868700366
2753,154207.31994081402
2754,201199.23650139116
2755,133586.25968067057
2756,91469.48730541757
2757,70982.81266578729
2758,86365.89804191022
2759,154552.33178830982
2760,122358.60069593786
2761,141314.72897735902
2762,146327.02215299895
2763,180925.30076026532
2764,152874.79893434257
2765,288334.04495596525
2766,128551.38501176551
2767,85610.35143889798
2768,132025.04335897721
2769,132786.39829355554
2770,141834.65034031318
2771,106873.97176258077
2772,112698.1989876802
2773,160363.91381560676
2774,142696.74873631608
2775,115641.03411639198
2776,145861.47384675636
2777,153712.90380966602
2778,105595.62559746076
2779,116492.8329367058
2780,103343.40366539058
2781,92447.75323460507
2782,91472.90247611767
2783,94976.33758055049
2784,123480.77998790839
2785,132758.26500855983
2786,64433.2254569199
2787,131203.07394224143
2788,75380.13081420535
2789,164317.92571872592
2790,91486.12067725076
2791,113351.30246831884
2792,66614.2978522223
2793,161108.35801024426
2794,94958.65382828772
2795,123256.92370312994
2796,99578.07034755466
2797,201676.00025087938
2798,103523.73565257134
2799,113545.00441659163
2800,66631.1151521353
2801,98336.16352908126
2802,129571.4508479358
2803,164401.66670650223
2804,133593.03587010788
2805,93299.13700466121
2806,83576.44919625916
2807,162017.51120019416
2808,140075.84279046202
2809,137386.32803624755
2810,122828.98203497649
2811,160597.68434809058
2812,169012.8405142624
2813,157102.67707961416
2814,161513.94764210493
2815,100532.58418687883
2816,222923.9629859636
2817,143093.16960071994
2818,128673.32105502835
2819,162641.96406407884
2820,132839.38669588004
2821,101425.70273353835
2822,190637.54300505502
2823,316400.8100647543
2824,180998.1722563954
2825,142833.36910885735
2826,133421.6910007993
2827,143502.52992918954
2828,204716.89162036034
2829,206216.6070817114
2830,236711.20301486723
2831,175864.9276949312
2832,246125.6355358232
2833,292596.5220164786
2834,229472.81939584887
2835,232644.84691739848
2836,188176.93451686908
2837,165793.04804779263
2838,146647.6990041882
2839,172312.88130466742
2840,204563.1769270456
2841,204400.54743840857
2842,232327.41887602423
2843,148343.87766994713
2844,173978.87857341435
2845,121662.25551868948
2846,209425.01828229212
2847,204234.42153495175
2848,224595.72243745776
2849,199866.81460656947
2850,271500.8815446652
2851,216952.14555582037
2852,230997.19557596257
2853,233550.17814526154
2854,135015.8984063826
2855,202046.5735613365
2856,202476.0926263383
2857,186547.10014721405
2858,210802.08004753198
2859,119352.90179528647
2860,157153.18838230355
2861,129085.58976507516
2862,192163.0360335023
2863,130978.92080295472
2864,237283.80871093582
2865,151396.37252949894
2866,142896.2973046076
2867,97470.75845185365
2868,108859.10861860805
2869,101627.6562021253
2870,126924.4431798607
2871,81497.51758571395
2872,49956.10703969666
2873,99868.1485372298
2874,141287.08430350828
2875,116521.8884674742
2876,160067.60458124545
2877,136649.4788457246
2878,162777.37986248985
2879,139278.58000217404
2880,105478.14012825412
2881,155356.4440474935
2882,172071.94517164803
2883,205200.24837936793
2884,206411.158302101
2885,185762.76773502666
2886,231753.55744601498
2887,92820.89474065635
2888,132019.97267716465
2889,57121.78224119224
2890,71903.91076417337
2891,133458.40653576053
2892,49067.763553040364
2893,82792.56385425158
2894,58193.577205346606
2895,329431.94656401646
2896,287091.37640522874
2897,220521.1175354084
2898,157256.63552831122
2899,205865.41963689507
2900,161380.4737277906
2901,211168.56539054905
2902,152777.63259519226
2903,317597.58557200053
2904,328106.7499618702
2905,82335.58881801371
2906,197823.3984037753
2907,109189.87799776265
2908,128786.08546777639
2909,161968.489404545
2910,73283.69070860396
2911,84296.40982545784
2912,152013.796265082
2913,83318.61657031997
2914,79496.69297684799
2915,87714.92923663286
2916,84413.18214983265
2917,167887.26672329486
2918,122987.01178764096
2919,220203.44729932302
