ID,SalePrice
1461,118830.66996452765
1462,159057.80332432265
1463,185966.27880544707
1464,196139.3482633167
1465,202054.07763454612
1466,174241.86502102634
1467,176947.5782854886
1468,164147.6552242456
1469,205426.91727460397
1470,115719.24532277968
1471,194891.92110397547
1472,97905.38587630785
1473,96572.71988126963
1474,145196.39959500395
1475,112255.73889476346
1476,344201.94702096074
1477,260593.32312434935
1478,289395.8889202683
1479,281971.1641745137
1480,444436.0617632643
1481,334393.30355988565
1482,224313.78546403695
1483,182104.55960149015
1484,163279.54585760264
1485,189755.50247462248
1486,197938.37258913694
1487,322053.69904389104
1488,242811.59286728498
1489,199775.48399088153
1490,224697.19355425058
1491,196635.02630194748
1492,93823.25637825647
1493,194147.30779535716
1494,291990.1287459867
1495,287194.55646636727
1496,228570.63212961736
1497,181606.0149329201
1498,161364.2827739341
1499,159698.27667920617
1500,151998.35221811698
1501,168580.1676167593
1502,147314.95905412917
1503,259548.2437399961
1504,246725.17665121742
1505,227573.01509344098
1506,192216.8175193593
1507,243049.14061641446
1508,206390.95070477587
1509,155273.01464729567
1510,143817.53547133246
1511,146014.01603905347
1512,171748.38496759202
1513,143210.4679070225
1514,153281.27179860775
1515,192921.31239757346
1516,157547.46141083605
1517,173311.5499115509
1518,134999.7905212966
1519,213469.44840970536
1520,127805.25941667634
1521,135001.35361271672
1522,175994.82648225833
1523,110494.44476837372
1524,125037.96490646695
1525,117279.71423977848
1526,118106.03043807065
1527,106345.26387204678
1528,136391.2027921727
1529,145053.5442745415
1530,187737.89590306173
1531,109200.38987669174
1532,98711.66370846894
1533,148321.70771072645
1534,130659.75601249184
1535,154811.49120116842
1536,112718.29805304583
1537,75536.57916741724
1538,153598.72645751902
1539,209143.6556806076
1540,95395.7390009679
1541,151185.17435539642
1542,144925.85856762546
1543,190909.95305968882
1544,85325.55669959233
1545,117670.00837229306
1546,135676.78035711485
1547,126293.43374412913
1548,139945.12446669996
1549,120357.01820019289
1550,136477.7477830793
1551,117498.88660810194
1552,129977.62972256225
1553,143080.6363951547
1554,114246.04941749825
1555,163018.18885415042
1556,86628.4061332861
1557,111199.37749017435
1558,103446.07324754926
1559,103465.98999027483
1560,133869.90944576
1561,124107.82162953507
1562,129684.94089322958
1563,116273.3830844889
1564,164206.73031257663
1565,151315.3605928771
1566,248805.98032396965
1567,79164.39365890293
1568,228380.6362582081
1569,138106.83763941127
1570,144548.50142440904
1571,125908.41477368026
1572,147547.10929573246
1573,235567.79886875628
1574,127088.03129971455
1575,227237.07257899738
1576,242645.02507199952
1577,183324.07232708103
1578,144951.53223319288
1579,148039.47036539012
1580,200976.39717908224
1581,153110.69200531184
1582,121855.1715026089
1583,290248.9327249707
1584,220043.2445993327
1585,136142.83074842938
1586,64059.628013734975
1587,101741.20992585005
1588,152807.13577085367
1589,102464.04624760919
1590,141191.89644241089
1591,94994.3439606925
1592,125160.2161650306
1593,121639.72471265325
1594,127569.2009649539
1595,121924.8185092545
1596,236346.45260579814
1597,196446.7585119822
1598,232503.90920195912
1599,176901.6338176918
1600,172951.72816549963
1601,60802.34880522455
1602,118108.17813102134
1603,75156.84786058663
1604,266776.6585775212
1605,245185.1452857753
1606,167645.0573274532
1607,183480.76724518932
1608,217872.55725695912
1609,187322.65742701382
1610,149233.3119266573
1611,143627.99869663335
1612,168717.19027194928
1613,165963.14728444593
1614,124561.21182861456
1615,92614.54495789451
1616,80792.29435029266
1617,93853.35210474758
1618,120694.57400642837
1619,131342.4287944898
1620,174357.3329601856
1621,138546.04440602558
1622,138905.37468049617
1623,259323.5764244353
1624,215509.57275122037
1625,124519.17390631499
1626,176963.51523192195
1627,192557.73706645015
1628,287453.98347263417
1629,185357.5278525123
1630,336912.36535465973
1631,233797.97747022077
1632,252609.25966899536
1633,176058.92684461558
1634,190306.73453172314
1635,176948.79562745293
1636,153643.34618396233
1637,194412.33710823464
1638,181771.23802330482
1639,189699.525253828
1640,248377.67406409117
1641,185609.02280528194
1642,235967.0730914572
1643,220730.93558254736
1644,242311.34220403054
1645,190147.2987215671
1646,154421.7036992104
1647,167867.6941343552
1648,128090.3463417186
1649,138074.09917254475
1650,109403.74050289491
1651,121671.79670105976
1652,99491.01871774059
1653,101251.7419277052
1654,144342.8693728857
1655,138834.21918214043
1656,140750.37062568255
1657,144596.83865070096
1658,143907.68510371482
1659,116870.31291801824
1660,154661.14330092072
1661,399834.6465595876
1662,382995.7883948624
1663,351267.3230121405
1664,460080.95246535615
1665,291038.70453316637
1666,333220.8556460631
1667,349432.4338848733
1668,322009.4340223469
1669,293396.6158212959
1670,326884.67233823024
1671,261991.12467998773
1672,384646.72628965444
1673,291247.55820918665
1674,251424.3439242765
1675,201384.73526510762
1676,200602.2492637027
1677,225982.84008326588
1678,433048.5561768713
1679,359272.82404394686
1680,321563.96760551096
1681,239769.24661688597
1682,310588.7501264264
1683,190734.01275061164
1684,176774.99812169335
1685,173953.7907190968
1686,171655.37727550717
1687,173002.48675353645
1688,192836.8096541978
1689,196074.54219115956
1690,197576.90576136694
1691,186936.16374532777
1692,261169.74417632853
1693,170335.19735255823
1694,182222.75681541223
1695,165001.3591726754
1696,264485.7552899934
1697,168936.0030607429
1698,338567.42235232814
1699,307866.14511337917
1700,249276.9642675942
1701,275861.26859179477
1702,251326.84396540045
1703,244688.50997049562
1704,276760.54817491246
1705,237745.3246480362
1706,388493.80305512034
1707,213714.16116585606
1708,202549.0535787518
1709,273433.00157998427
1710,227841.85309310106
1711,269297.9502475757
1712,261631.07479391483
1713,259005.88769030524
1714,227786.8522562982
1715,212418.3111722849
1716,181906.77896489855
1717,177316.30704432123
1718,140255.18971426855
1719,213047.94160164468
1720,248113.35361256025
1721,155667.7023241417
1722,120901.06255830759
1723,145730.33811187823
1724,208148.87548560384
1725,239629.43450844596
1726,185418.46732520364
1727,161710.25857544437
1728,167502.35209936765
1729,168193.41106152645
1730,164392.4265123982
1731,122544.07351415746
1732,120837.52203273405
1733,114174.60213701677
1734,119103.49747663076
1735,112484.4688000872
1736,109368.64863020179
1737,278522.58017559064
1738,242104.14002123103
1739,232596.99183712114
1740,214856.9566353568
1741,186657.78749834516
1742,168083.29880545576
1743,180105.03045433402
1744,292289.7950293384
1745,220504.96029559747
1746,201460.18484819742
1747,222130.42547082182
1748,212677.7185758865
1749,145260.31960532433
1750,131515.0922934264
1751,247200.3121367446
1752,113379.39431400319
1753,150095.3193922319
1754,198218.16750426983
1755,170742.43766657947
1756,116567.10501761554
1757,116435.94602901804
1758,141822.34727768705
1759,170529.56235912058
1760,165794.60610953058
1761,150814.47280650426
1762,175210.89922660406
1763,186993.7418273865
1764,117781.16141472665
1765,120625.2586847871
1766,184793.56296178832
1767,212984.95243350303
1768,137772.1762742358
1769,178212.36635280572
1770,145488.41817439202
1771,124895.9208213693
1772,137055.92564131916
1773,122246.37972762338
1774,151469.8663417866
1775,140954.60956069734
1776,123298.64141076893
1777,106091.84362799478
1778,135774.1579477341
1779,114311.59769239854
1780,178257.57039858968
1781,127024.88272230685
1782,84389.85255744934
1783,142654.97338421573
1784,100404.9663200338
1785,115716.31764517858
1786,130584.41906058996
1787,163526.3717197225
1788,58441.99793333276
1789,98958.74786131667
1790,78681.62883156787
1791,186868.56168603638
1792,162897.50345790613
1793,138359.2939314773
1794,153846.76942004243
1795,138975.3924016914
1796,127402.45198270999
1797,123637.93360147871
1798,118713.30369012822
1799,105354.28194650362
1800,124905.11365336625
1801,127322.5639207612
1802,139948.04884112123
1803,150139.14264938855
1804,141964.15196710563
1805,136059.84335326284
1806,127883.23818028563
1807,140128.50619427642
1808,119255.39013307144
1809,117706.61062954608
1810,134066.6577123018
1811,89410.60697329012
1812,104015.83518022382
1813,125684.35490983893
1814,90053.7345585017
1815,53928.309613768244
1816,93052.95147070292
1817,110789.70560746298
1818,148138.75278736663
1819,123191.62952535249
1820,66091.063824012
1821,110974.2664307792
1822,147816.17947640095
1823,51221.0308699131
1824,128000.12314042526
1825,131379.3409935546
1826,106793.05281910898
1827,106597.0297098275
1828,137997.55252403242
1829,130474.87438457053
1830,145998.51104137997
1831,153063.59168698176
1832,88984.83857457814
1833,139690.14694784113
1834,121579.16484705053
1835,131796.40433446146
1836,121919.84693949629
1837,80240.13307190235
1838,126532.35455647837
1839,92838.79943638662
1840,145711.0232178399
1841,143123.81078529937
1842,91874.30572337852
1843,133601.35649488398
1844,142972.00352950423
1845,142321.19009056978
1846,156713.20687899928
1847,166602.24420455858
1848,56010.68643550492
1849,109988.76277459238
1850,122043.27182957823
1851,156702.82391541277
1852,125371.71967286381
1853,127678.02888674133
1854,167504.2427079493
1855,158818.0433888083
1856,225850.87785528315
1857,146125.40093992822
1858,137356.52943201704
1859,115050.85395678206
1860,136024.99268471723
1861,114209.45924585401
1862,297736.84710442735
1863,277325.39671514963
1864,277433.1449171104
1865,334981.0165028403
1866,312496.7814669083
1867,229510.55962640978
1868,280384.0707944227
1869,204682.54507040614
1870,225342.52850330778
1871,257930.46184169434
1872,174775.39074680756
1873,244384.49393675968
1874,150661.46344489793
1875,210788.915663075
1876,200587.0287910239
1877,212281.64590973503
1878,205956.34905371215
1879,130996.1680682478
1880,127537.34964126982
1881,250859.74694788715
1882,250176.45493212235
1883,190280.06042586124
1884,207247.61855475622
1885,247485.85886559746
1886,282384.47619966895
1887,213933.10506342485
1888,263372.55994852306
1889,170502.50487146995
1890,124244.67569025955
1891,143817.286843368
1892,99775.89554515111
1893,135757.55907028317
1894,131183.7883027409
1895,143813.80053371098
1896,128880.83889293732
1897,114900.95937352772
1898,114832.41333267334
1899,155701.1967292645
1900,152504.58547888187
1901,166131.03945928946
1902,157783.84281960982
1903,216541.74161480632
1904,144754.40011844647
1905,203647.72723635272
1906,111639.7679165856
1907,221635.00933386656
1908,106667.25613007942
1909,129113.78563412883
1910,117200.4734149681
1911,229585.42193484356
1912,331395.27832639153
1913,133945.58265009528
1914,67750.22210524954
1915,290625.8797172298
1916,55681.243171148606
1917,248042.61303023208
1918,139161.4734370459
1919,174811.17849827264
1920,165043.2301757802
1921,346971.6825292947
1922,302668.65303211287
1923,227988.60374929343
1924,234873.41958941906
1925,199918.76890931505
1926,346029.8408084967
1927,131677.95442172204
1928,159912.1295304046
1929,117303.1077149359
1930,131008.88261067442
1931,137577.69238556412
1932,137782.36171760585
1933,182182.149363299
1934,185278.45805552515
1935,172765.5271563708
1936,197210.22203127373
1937,190778.30091993933
1938,174432.66251175906
1939,250262.66993136142
1940,195431.72317959493
1941,172226.44175349426
1942,188311.79952658797
1943,226497.25715441696
1944,343454.43223591
1945,363175.77345833136
1946,161732.66792154196
1947,308673.6743004382
1948,177800.69704986812
1949,231749.02025353326
1950,188868.97202697888
1951,249659.4178876938
1952,214293.22515255286
1953,163525.44379291017
1954,189067.3516896189
1955,135647.57798531433
1956,294946.5734781497
1957,154158.55259485947
1958,283448.81335019466
1959,146243.8540102854
1960,113806.47502054677
1961,116946.4071659356
1962,99492.67951337632
1963,106690.06898334018
1964,107131.17989516688
1965,142441.51351105561
1966,140242.21519772953
1967,294344.80668954575
1968,381214.4724535122
1969,355116.0730868984
1970,392996.93373396515
1971,448395.7312643868
1972,359040.05454849836
1973,271979.2757897645
1974,312959.5420796757
1975,580511.7078587323
1976,273270.6020302651
1977,342406.9919027601
1978,346408.4413754842
1979,329615.85708314955
1980,215846.82062765126
1981,332028.7772445646
1982,226409.518550896
1983,214819.43040865508
1984,174524.35185193902
1985,221839.06503208517
1986,208649.49880726932
1987,187731.85061917338
1988,172613.8531996895
1989,194627.68604500178
1990,208285.40973433785
1991,237124.98187082008
1992,218801.07320121408
1993,168697.13633911213
1994,236984.4299493738
1995,187646.96659694012
1996,246121.90746464863
1997,301188.28424182546
1998,307887.2945704914
1999,267382.3236294309
2000,305782.10950709425
2001,266749.82325627824
2002,236572.84500816232
2003,260625.1392862579
2004,287696.9633710371
2005,227051.24267360964
2006,231089.04949788508
2007,252105.14847144225
2008,212112.34662079462
2009,197027.5222236876
2010,198312.68604017803
2011,139091.56840878783
2012,174321.94281201856
2013,177965.8954823117
2014,183824.56781314593
2015,210891.31007247965
2016,191743.5779519989
2017,196881.98133206533
2018,112678.01181317959
2019,127956.4478131097
2020,102569.98280991676
2021,102156.53061057613
2022,185698.00503820612
2023,147753.05333934692
2024,256050.89305902118
2025,357101.5650670172
2026,176053.25163901027
2027,153361.39591614006
2028,154693.78036582266
2029,164483.10309886176
2030,260388.51046088673
2031,234154.935290584
2032,246294.1831142449
2033,249479.47625182068
2034,168587.76868257916
2035,227485.51893475273
2036,199860.81288225917
2037,201903.3802278665
2038,319792.61694715574
2039,234791.7498781945
2040,279312.5844721432
2041,272498.16143201845
2042,209525.04408944218
2043,175446.46424798327
2044,175589.0054372972
2045,213473.5134804688
2046,141292.15771285276
2047,141717.08820250456
2048,137106.60162394648
2049,149950.34095541417
2050,174565.02059837352
2051,95741.69442000343
2052,122119.41549875302
2053,147916.7292862551
2054,88958.84723190534
2055,151942.37465300164
2056,141859.88130818284
2057,115817.79899679625
2058,215188.98402438575
2059,132706.4571905757
2060,168562.62231709628
2061,175404.44035852092
2062,130376.6256602539
2063,113089.68036377856
2064,136345.59374904385
2065,114935.39959514588
2066,169610.23807403274
2067,114158.70806242226
2068,155248.91118229393
2069,81619.91083905377
2070,109774.59933568141
2071,91936.10719093031
2072,141957.04995441748
2073,126810.72232877943
2074,188771.82801527617
2075,157171.2882661715
2076,116255.80800673238
2077,150443.8219443464
2078,124000.46527446901
2079,135317.73177809012
2080,113806.90517694534
2081,130908.84216181283
2082,126200.33810935573
2083,147710.78104536785
2084,103710.81421027481
2085,116968.17528344935
2086,120261.21540595766
2087,127363.08084676796
2088,105774.69599088881
2089,78837.6070852518
2090,131045.6267458312
2091,113445.3766822271
2092,119762.89721072781
2093,120461.67969456012
2094,115017.18649053106
2095,145992.3547214829
2096,81985.58716843347
2097,100823.31700013757
2098,148212.9594063242
2099,50612.244089980464
2100,94406.51768420073
2101,114413.52056304291
2102,130630.82089349942
2103,100364.34033417157
2104,145385.343821861
2105,124480.26166929299
2106,75252.8970292724
2107,196689.66059056713
2108,119675.36700520148
2109,109809.24790953546
2110,134831.11167982008
2111,145561.6056935891
2112,141766.81115729635
2113,121758.85451907238
2114,122916.15605997153
2115,165552.88426822465
2116,117578.71994222343
2117,160316.94181919433
2118,125236.1613208092
2119,114596.66052855112
2120,118766.19701133126
2121,99997.72265925488
2122,110820.6608944263
2123,81479.5595023373
2124,166837.36393129278
2125,134731.81744395613
2126,153473.29360790635
2127,167782.65441043096
2128,122910.83770397428
2129,81201.93780232604
2130,128025.0456470358
2131,136603.50880241417
2132,112286.2821095608
2133,117482.02886827305
2134,115710.70173450887
2135,83817.79537093833
2136,71337.6628853893
2137,108331.20032837547
2138,127740.48232911625
2139,153469.8105434841
2140,136938.16550140287
2141,149911.5074484225
2142,128553.94244957782
2143,145950.70812844273
2144,123161.89737684123
2145,131995.88822047642
2146,164016.91700423512
2147,142633.9965159589
2148,138877.57330642006
2149,142177.33603753155
2150,234076.33072962388
2151,119255.0042891391
2152,185941.12709198962
2153,161827.13667077554
2154,111292.36246622761
2155,141282.59771285043
2156,252658.5384244402
2157,226532.48658789878
2158,239743.38122122517
2159,213136.03874898152
2160,189460.70878579942
2161,240851.22143103328
2162,374699.5418402264
2163,330047.0619423601
2164,256150.01979776946
2165,199831.6035648201
2166,152820.62953226842
2167,220980.8579579999
2168,198367.6191274105
2169,199198.93588901573
2170,222491.9182146599
2171,149440.30387808208
2172,135265.08772455025
2173,164209.53608215117
2174,226753.29501808694
2175,295663.3287296513
2176,301391.7988618349
2177,239131.9170178679
2178,219519.98169323857
2179,135980.17484497203
2180,216113.720953998
2181,199840.1051085582
2182,227926.2295327385
2183,197142.88680234758
2184,121999.08584867469
2185,126450.24049268222
2186,147371.5755561508
2187,159412.33566131286
2188,161092.4987412927
2189,281578.7604003244
2190,77583.18297467005
2191,81865.90452863924
2192,89965.41359744492
2193,110058.13249939262
2194,103943.34236774653
2195,106531.15835128198
2196,103014.4196183285
2197,120245.70548523114
2198,152481.9985766443
2199,170359.19563502734
2200,151900.5128082879
2201,149886.11847907872
2202,213678.56675444666
2203,140857.08044058483
2204,177917.69874081248
2205,124757.67498139649
2206,142821.7223032335
2207,214520.6503723509
2208,267264.03454110865
2209,242595.10698823378
2210,116914.06018878889
2211,110768.10749602196
2212,114555.39907191756
2213,100400.70306456178
2214,124401.96192165304
2215,95629.45206490728
2216,145528.79913850743
2217,60517.10338571368
2218,88459.65119643655
2219,80164.1280535566
2220,78147.09692860098
2221,292040.40738697845
2222,261023.27520985596
2223,272601.240272403
2224,209407.82012084316
2225,127246.99428553256
2226,176657.81846284497
2227,194408.19261115126
2228,264452.82963456254
2229,264414.92072173295
2230,148302.97355141953
2231,214944.12687734189
2232,179344.81564190343
2233,187561.04131029034
2234,237732.03878765713
2235,210767.7978519547
2236,262299.0842336081
2237,299501.378168752
2238,188569.28916404935
2239,116479.11640341616
2240,154399.22958234482
2241,147010.3463276927
2242,126949.0796591134
2243,132074.89172811713
2244,106780.05572289733
2245,98745.38776537136
2246,139691.12834775544
2247,115753.70948819275
2248,114614.6143019024
2249,115526.27791043841
2250,123613.32719272496
2251,126005.77820138211
2252,183958.36342385804
2253,153891.71993842444
2254,182317.58128241813
2255,189315.78165591572
2256,179561.69412945036
2257,207906.89408793053
2258,162599.63075895217
2259,175313.67607770758
2260,141991.37568271894
2261,202696.39509889408
2262,222698.0445187346
2263,346425.2133001218
2264,492859.9583518252
2265,179563.27095279258
2266,299571.70095291216
2267,356176.17013834295
2268,409909.41890696384
2269,152794.35749789825
2270,194102.91157322313
2271,213709.72039366886
2272,192113.64470726385
2273,160104.4675852729
2274,177761.28739277803
2275,168872.69342538793
2276,194082.69845535114
2277,182043.9668671609
2278,143491.0942757265
2279,121637.3435771637
2280,118232.54474336508
2281,164575.2881499284
2282,189392.6860082077
2283,108778.22547555891
2284,110394.18107049019
2285,140849.40776509405
2286,121534.20633787074
2287,360500.66964532214
2288,282767.9378387349
2289,375146.99136770994
2290,437482.15006395534
2291,316592.2560557276
2292,414525.31929646176
2293,449692.7276206125
2294,378806.22445592633
2295,465220.2407426726
2296,300589.0195576882
2297,334529.53707516746
2298,324650.2909070077
2299,337720.5977064046
2300,326409.8877497154
2301,300754.05266971566
2302,253849.25808784302
2303,254866.95056735064
2304,267216.2575657197
2305,205162.10960940464
2306,194645.78430381548
2307,203214.96849261774
2308,234193.08269887365
2309,274321.64431726426
2310,225745.48996241
2311,206616.10195618548
2312,180013.15022967456
2313,170358.24359795364
2314,181548.91304001896
2315,182710.0597102578
2316,197532.38237911856
2317,191861.60018402364
2318,182227.26791698553
2319,186420.1818984468
2320,188064.70968770064
2321,237384.60548911663
2322,182305.65659020093
2323,195376.75274685773
2324,178122.20404161565
2325,224114.10129822895
2326,175482.76530092995
2327,203103.04238209504
2328,222826.19330234188
2329,194990.77119944536
2330,181675.95513751224
2331,338994.6943586277
2332,383343.38330559444
2333,313410.29544312623
2334,250294.73834147214
2335,274991.7432730654
2336,303814.34462681616
2337,202605.66182219717
2338,268710.23045657
2339,226084.02842743736
2340,383423.25409090496
2341,222232.96949248202
2342,238238.43831558945
2343,231287.4611244169
2344,210303.70707696816
2345,239747.3737951555
2346,225646.69600071214
2347,204711.72415264943
2348,254324.90264774888
2349,182533.00817349736
2350,304440.3619890533
2351,254696.79764940141
2352,256024.37662018658
2353,236819.136061501
2354,145193.57841088978
2355,150331.41724471434
2356,142383.62333833578
2357,190650.26073631618
2358,196383.9682000621
2359,136220.00604538512
2360,115023.42753347564
2361,141683.68973067155
2362,268339.77352488047
2363,131700.38369627183
2364,148521.12309707477
2365,224690.0858495986
2366,198602.16248227068
2367,230716.1156865681
2368,213489.3927367996
2369,226326.438989774
2370,165288.60230514788
2371,162298.9947507823
2372,191188.040757678
2373,273601.380882839
2374,317825.897231485
2375,252297.30868322012
2376,268182.8972156863
2377,338469.17371935194
2378,135247.57689435827
2379,196596.9665379568
2380,146300.95655487754
2381,167617.39362007228
2382,201943.16715342642
2383,199763.85749637813
2384,235423.51262767325
2385,158477.22076836746
2386,131257.2476240334
2387,133358.4295728894
2388,100587.43301926818
2389,118998.45660651544
2390,142833.0398118413
2391,142204.57429501764
2392,111121.59035847028
2393,164792.60012466603
2394,145261.37416007332
2395,207764.9403073167
2396,148555.10135734014
2397,222201.2135347811
2398,130832.53609879078
2399,67310.08456856423
2400,64025.262276450594
2401,111706.58851682107
2402,133504.58080668445
2403,147663.8578696361
2404,149532.42586505483
2405,158848.53957919736
2406,136813.56908859406
2407,124805.72818652516
2408,144662.11201363418
2409,122173.30078130425
2410,176081.27410514548
2411,112695.06990810187
2412,154055.70161799318
2413,131403.98290983582
2414,149538.0108367911
2415,137255.9792874503
2416,126122.26346056213
2417,131192.40713747332
2418,125895.45886904128
2419,129993.4088538859
2420,118942.14260027918
2421,143943.08547324387
2422,111287.396600146
2423,119968.66467903243
2424,160924.0793835637
2425,207152.41105784275
2426,126875.13444406638
2427,128294.22218142306
2428,184451.41941847606
2429,111826.55943240256
2430,134948.67737879883
2431,109931.7182119691
2432,143117.58206832386
2433,140406.67447422387
2434,136993.8262535216
2435,154080.03495127495
2436,98030.86652867123
2437,106883.61687448488
2438,118614.41876968244
2439,106120.57576683509
2440,125428.5831932137
2441,101745.45514226865
2442,98521.10087237007
2443,117236.10825563452
2444,128201.81735140402
2445,92446.40344628583
2446,126474.11535279242
2447,184209.77620658537
2448,136465.59402942008
2449,111257.70689493432
2450,152206.98984411857
2451,121905.12285048558
2452,187290.0892148505
2453,90281.57239200434
2454,117015.12523770574
2455,116558.94146998
2456,135732.586052541
2457,131315.7617837608
2458,128365.03020021538
2459,106804.73019328431
2460,145508.09643705736
2461,125719.16023702797
2462,135764.8603157316
2463,125041.02637660645
2464,170737.94897807937
2465,140619.99474465923
2466,113042.91806461947
2467,137213.53726227995
2468,84739.60810398945
2469,81731.50762771013
2470,189012.11978262858
2471,199842.7399627591
2472,161759.33611288073
2473,109846.63363571462
2474,97430.27677005428
2475,212457.4780042433
2476,114752.73993402075
2477,126224.72845168693
2478,159010.16349199697
2479,103890.20467748068
2480,153651.8987087213
2481,122846.3509858597
2482,124842.91432507953
2483,112049.86805150732
2484,122115.6120367507
2485,121039.64940978232
2486,156716.3821410458
2487,168857.6358186974
2488,158591.14633709044
2489,155911.86478793895
2490,144670.34706223127
2491,88952.52536381473
2492,191061.3770936753
2493,158244.5495769702
2494,151496.04265540562
2495,91674.64204117317
2496,229624.42690843318
2497,158948.41807775194
2498,105565.83285148512
2499,86113.93436327882
2500,126884.61693129342
2501,142357.2711299528
2502,151638.27472048803
2503,102946.84449288508
2504,172991.68146656183
2505,222755.14357397542
2506,257891.98989876496
2507,291938.4672806403
2508,259446.79168619684
2509,222567.0683465628
2510,226058.09190004793
2511,175265.31845906348
2512,211946.5818998982
2513,223109.0904492025
2514,286811.7597527253
2515,152315.2941163222
2516,173813.80208683189
2517,145893.16879445847
2518,153686.35466098398
2519,241786.29117323624
2520,221825.6493651845
2521,189218.07001789674
2522,223303.13718514665
2523,116380.00800327228
2524,136133.6767092973
2525,145642.47808161794
2526,140309.65268055862
2527,121389.1811789271
2528,120651.56459797706
2529,127887.50363902816
2530,116031.98489856842
2531,253977.59037611337
2532,227983.16603895405
2533,192894.13943859556
2534,241881.82835261206
2535,294802.1145070542
2536,236227.57403906048
2537,246573.90755933043
2538,187968.2481245017
2539,192658.39959415182
2540,183921.34949058568
2541,183367.46039564605
2542,160364.08343018172
2543,129018.70739906094
2544,120067.43831816556
2545,140477.1449563314
2546,130638.37756025037
2547,141926.20907313543
2548,161846.85082141616
2549,161350.9651820183
2550,728970.4712797446
2551,146522.37605888737
2552,131774.10206686886
2553,76261.9523895845
2554,97428.20452318029
2555,118842.9803304085
2556,97197.07993135793
2557,101697.41422697874
2558,132891.23373127106
2559,145947.00845219594
2560,156317.70628458727
2561,143955.24863693217
2562,136298.647680654
2563,148081.66082303942
2564,194011.22996134122
2565,136039.6896187705
2566,162508.963061486
2567,144193.7580430423
2568,213034.79532435778
2569,224910.0538122449
2570,116285.46395232706
2571,197269.68569096824
2572,161543.3535222766
2573,239922.95721904564
2574,380580.33370039845
2575,127431.54596008551
2576,106389.4209594937
2577,125202.96093622179
2578,80254.94037212782
2579,54176.76647429282
2580,107886.23324071473
2581,115160.55897444833
2582,115918.41740653366
2583,297563.82728296507
2584,175738.30508360598
2585,183835.58745913755
2586,220030.4233695862
2587,202095.34143501543
2588,149356.03698224114
2589,146138.84293837982
2590,202621.24322013554
2591,213516.3879833272
2592,218129.6303439545
2593,250078.23862905256
2594,187539.85460081446
2595,201602.58715575223
2596,281329.39330487204
2597,183387.96477807895
2598,283445.515177341
2599,338262.31199907337
2600,148159.85308958148
2601,138895.42112383936
2602,86533.1757720307
2603,93163.61996267212
2604,88779.73126111453
2605,79855.00095379018
2606,141743.64599832956
2607,195834.43545969174
2608,186746.75017814792
2609,162462.4941930339
2610,104866.41659154321
2611,126741.19534469166
2612,156063.46982886436
2613,121677.55212906169
2614,119616.19318320321
2615,156818.17706952713
2616,141993.97874828186
2617,191257.50157147166
2618,208345.09979496608
2619,206134.72560656196
2620,184005.7112153002
2621,176849.84025836017
2622,181759.62082471605
2623,245041.5122900731
2624,306827.79194903484
2625,295851.98143679963
2626,170435.53935160194
2627,168073.85520654314
2628,447059.580399754
2629,483637.617672577
2630,382013.6379439593
2631,451026.20801725617
2632,384296.88417096966
2633,309493.22834581754
2634,390793.5501535747
2635,157098.02615665225
2636,175310.28046103255
2637,175339.1710319883
2638,263737.191794245
2639,185693.20064201925
2640,142773.00919787036
2641,102203.36237236137
2642,191277.1920364301
2643,105223.51568297412
2644,121549.10410544298
2645,108412.71794321957
2646,95959.64235902087
2647,106105.00336251645
2648,141949.77931130916
2649,149835.59728961278
2650,138146.84346349718
2651,140556.95443858384
2652,394919.17332675745
2653,262400.2346117271
2654,260509.8606016836
2655,372934.5334768043
2656,319138.24059942295
2657,338025.05954085506
2658,298541.308434471
2659,313847.4150883282
2660,349424.99381428753
2661,360817.362658032
2662,343601.54870558396
2663,294208.7021904192
2664,265262.6376543818
2665,317845.6732744418
2666,289494.239850549
2667,173318.34476861352
2668,182836.79517619224
2669,187783.96631540405
2670,279351.2451261061
2671,190205.95265731963
2672,198901.1833064567
2673,196326.68245328948
2674,193990.29083779326
2675,178120.01895203043
2676,194400.3795172653
2677,199336.83910627995
2678,253459.71054717657
2679,273589.68739135796
2680,288243.68279734615
2681,359934.342589036
2682,302518.65515449864
2683,450451.5480085098
2684,317612.21106710343
2685,314906.37353329116
2686,258889.30451307143
2687,299945.4565103899
2688,223602.0002998283
2689,219351.37785000924
2690,387663.9462747802
2691,189378.60977834693
2692,147002.66148227375
2693,209330.2106870234
2694,137477.93925265557
2695,190507.8765269603
2696,182515.65770825537
2697,185887.28086674635
2698,184024.95804605196
2699,179879.50227237682
2700,162108.6611718216
2701,141859.93314862394
2702,108259.423887939
2703,125418.45467338366
2704,142904.9691845227
2705,115633.67295792479
2706,102522.51092668633
2707,112772.30366152975
2708,131222.5516990115
2709,101296.61110764304
2710,124155.52045335107
2711,304091.87400095
2712,355983.06283940806
2713,169080.368098551
2714,146945.34993245237
2715,164914.62516477852
2716,147095.0396813931
2717,196030.93349035576
2718,222020.28484165214
2719,149205.42292153442
2720,169338.14813961374
2721,129266.27650555098
2722,158575.90136354606
2723,142669.8938177562
2724,123936.48811619413
2725,127507.53912652239
2726,150734.6715597089
2727,184415.31465016186
2728,176985.82730285567
2729,145752.73530982522
2730,146632.16889485167
2731,120904.81461131637
2732,125567.96534491965
2733,158984.82353362042
2734,143592.1932236584
2735,131141.58178894193
2736,140963.7640724407
2737,117146.65205240507
2738,141490.30779719856
2739,159162.7134036792
2740,132125.0756002847
2741,148093.28998759613
2742,154580.21477875274
2743,154088.97242728958
2744,159198.56629240484
2745,139309.09430777092
2746,135158.40710991062
2747,140572.62853287003
2748,115867.86298319958
2749,127274.8723508515
2750,132140.33451017586
2751,128646.68900323122
2752,205821.82027016082
2753,157064.70926783208
2754,201277.5035000186
2755,135321.10974887988
2756,90484.59235003358
2757,71778.36946227941
2758,84310.29562813824
2759,149396.48495887106
2760,123459.6642873248
2761,142028.13714970654
2762,145635.37503267732
2763,181116.30948383655
2764,150119.69680396846
2765,279657.6511199697
2766,91415.2692141497
2767,84731.83508858664
2768,130955.09975390475
2769,128768.38020193308
2770,144180.26582814942
2771,105971.71471214887
2772,112101.86805797048
2773,159244.34512072208
2774,144424.35367888628
2775,121982.59390407363
2776,141954.66790985805
2777,155735.2586202112
2778,102152.20492834128
2779,119280.05313856677
2780,105111.30383808995
2781,93842.15266765143
2782,91868.44981287207
2783,95168.88764940128
2784,122535.5757376848
2785,129949.32775027488
2786,65557.12399214946
2787,129008.81063480685
2788,78226.3578610043
2789,169298.17542913745
2790,93705.85254360101
2791,112402.47260472472
2792,67221.48022431781
2793,109669.3706814792
2794,96577.4064207136
2795,120851.83684417648
2796,97980.50238606487
2797,208971.4051675672
2798,104145.08406816414
2799,110321.71243129903
2800,70222.69263821817
2801,102201.44280992284
2802,126188.37907206685
2803,171849.34586810574
2804,135282.96211825102
2805,97195.97223296102
2806,84792.28149835375
2807,162553.44081308437
2808,141079.35956903535
2809,133109.37060106848
2810,123750.93151550932
2811,157058.55858200946
2812,166818.89910039684
2813,161756.22190149513
2814,166003.8340933306
2815,100627.77214161739
2816,227096.06702221915
2817,144350.42013625224
2818,126257.67208095439
2819,161681.0640909484
2820,136458.6690931706
2821,104727.96475954262
2822,192788.7312698208
2823,309353.4992248997
2824,176936.6851099972
2825,145021.5466364017
2826,130792.3864460917
2827,146993.05058222398
2828,212521.44901064725
2829,202464.47995868776
2830,237576.6424000288
2831,180148.9627789136
2832,248158.88849793223
2833,289863.4977226211
2834,231897.9964474902
2835,232650.24168701668
2836,191696.3979468639
2837,164963.4680650354
2838,148029.80681852132
2839,172800.30247364313
2840,207736.4294893363
2841,204594.56659827495
2842,233815.40050712117
2843,148792.22679935652
2844,169860.71208601023
2845,118575.8583714321
2846,210100.47227115647
2847,207572.30049356344
2848,220617.18894143152
2849,199697.97104295573
2850,273301.8400133212
2851,220538.2107804465
2852,233106.49494315055
2853,237691.71794382075
2854,136112.86859765887
2855,202377.8719950925
2856,207324.19678306338
2857,189837.91701121896
2858,215172.75872468916
2859,121524.24730828723
2860,143469.3312682346
2861,133381.27568143868
2862,194585.50501393282
2863,133654.33260638255
2864,236159.2753985819
2865,154568.61934672762
2866,145770.47624033538
2867,99705.06268883428
2868,101966.6853509232
2869,100481.2924524162
2870,134373.63950117625
2871,86420.73872639702
2872,49154.81205146536
2873,102188.92738125782
2874,142807.8900356021
2875,120445.7309516893
2876,157815.1464136642
2877,134850.86898811924
2878,161092.29756349197
2879,142934.500106663
2880,109271.64092155088
2881,153534.64229706285
2882,175473.38615795385
2883,197207.53980429983
2884,198417.2771055092
2885,184447.68023415
2886,231902.8270890047
2887,93176.64796750719
2888,130383.26432691352
2889,58551.72013095479
2890,74371.35710991293
2891,135139.5750254836
2892,51408.64248518299
2893,87738.59509160233
2894,61308.9608154327
2895,319430.32281223626
2896,277635.82511380437
2897,217050.85027591977
2898,157965.60073578716
2899,203673.2949030009
2900,158683.5053727777
2901,207215.71039892494
2902,185729.59164438583
2903,315977.82720547944
2904,330556.3688926825
2905,80495.71849380183
2906,195079.47047072268
2907,112224.9968382478
2908,125716.93690403068
2909,161489.2805985154
2910,75717.77745451928
2911,86375.35613317248
2912,153470.20103753734
2913,85764.56192960606
2914,80732.13855810445
2915,88383.33135642429
2916,87034.8629503096
2917,165146.5409773781
2918,119813.76049106056
2919,222422.3365968167
